380.0 0.07021863415690843
390.0 0.045682653252662894
400.0 0.04423315923551801
410.0 0.055026300476347774
420.0 0.0566540937626581
430.0 0.05261290276491255
440.0 0.03903724300749148
450.0 0.07556839164852447
460.0 0.16832987045533718
470.0 0.27768483819558304
480.0 0.4741120704555676
490.0 0.7688431158400054
500.0 1.0
510.0 0.92836755556005
520.0 0.8074231698789989
530.0 0.723830025050715
540.0 0.6547699440867546
550.0 0.5438207743550586
560.0 0.36674646557205987
570.0 0.21537283722081527
580.0 0.1929173511503607
590.0 0.2968412775665612
600.0 0.4134643821809937
610.0 0.4864482051603016
620.0 0.5512689536326426
630.0 0.5267435713671932
640.0 0.48724675066913287
650.0 0.4072382027920732
660.0 0.3927282576308058
670.0 0.4249383737297049
680.0 0.47268302546105
690.0 0.5085827124569836
700.0 0.47090526222816287
710.0 0.4041813338967714
720.0 0.33012310752471163
730.0 0.2811191353100043
740.0 0.24018503235477204
750.0 0.1976849921579063
760.0 0.16078572616115916
770.0 0.13535999613498062
780.0 0.1262638707446387
