380.0 0.008350762755642902
390.0 0.012229028515241836
400.0 0.013682677910469187
410.0 0.010873931381866896
420.0 0.009119625555529759
430.0 0.009197817715615076
440.0 0.0052224689135660874
450.0 0.004340367864944373
460.0 0.00819149062415496
470.0 0.012912790472155352
480.0 0.02080821701192442
490.0 0.035750332438573396
500.0 0.05337339065398964
510.0 0.048072893178303766
520.0 0.015396870500457393
530.0 0.04972404787786871
540.0 0.14042303049161622
550.0 0.22590027734415885
560.0 0.26116436710608515
570.0 0.25759013021807786
580.0 0.25031713265184813
590.0 0.271639498871831
600.0 0.30727135565325675
610.0 0.35806624578720125
620.0 0.4698665593538688
630.0 0.5780977460286834
640.0 0.7252928707324869
650.0 0.7831156209471286
660.0 0.8268159659637248
670.0 0.8655838231077914
680.0 0.9254195474860325
690.0 1.0
700.0 0.9790733166091481
710.0 0.9294558946493083
720.0 0.8688187266947036
730.0 0.8637577174611458
740.0 0.8632184646506057
750.0 0.8123189128676587
760.0 0.7209485108483261
770.0 0.6214850240702938
780.0 0.557371492904897
