380.0 0.038329396421474156
390.0 0.03166753466213151
400.0 0.03499184773178103
410.0 0.044077397235089195
420.0 0.044690356723602345
430.0 0.045716463435454276
440.0 0.03875048204450179
450.0 0.05666519423102978
460.0 0.0932026039097463
470.0 0.12614690105096799
480.0 0.18856451008373176
490.0 0.29612587216330183
500.0 0.4182642026657527
510.0 0.4564818540181404
520.0 0.49344684734935335
530.0 0.5777973115681
540.0 0.7138857426298545
550.0 0.8443124896767569
560.0 0.8651975791052384
570.0 0.8101957990972937
580.0 0.7468353205680742
590.0 0.7282864719643306
600.0 0.6807583983730058
610.0 0.6140582559726072
620.0 0.621424291021438
630.0 0.6196780168878606
640.0 0.6642433943566065
650.0 0.6373293449588956
660.0 0.6249356356696751
670.0 0.6460147623531044
680.0 0.7239414017944032
690.0 0.8468581267716938
700.0 0.9014926449144206
710.0 0.921680476440092
720.0 0.9162863983719716
730.0 0.9584800035019425
740.0 1.0
750.0 0.976743268379131
760.0 0.8957453795935097
770.0 0.7946543421360551
780.0 0.730681507409367
