380.0 0.1690743742267315
390.0 0.13125927359808698
400.0 0.1225408813373319
410.0 0.13243162287413923
420.0 0.13331565872088735
430.0 0.148997225063901
440.0 0.1256734713151777
450.0 0.1557051436232469
460.0 0.20271848979646676
470.0 0.23535711901062972
480.0 0.32576429882481234
490.0 0.47521218649866476
500.0 0.6169131635523475
510.0 0.6309101261386971
520.0 0.6426059417281231
530.0 0.6814759029235484
540.0 0.731218847148297
550.0 0.7727959120916764
560.0 0.7833104700268799
570.0 0.8063274699937287
580.0 0.8620902320881461
590.0 0.9713560849987397
600.0 1.0
610.0 0.9086308310221073
620.0 0.8177669646511753
630.0 0.6439466759085092
640.0 0.5256070770966337
650.0 0.4209308402700862
660.0 0.39245299047627547
670.0 0.400200721088777
680.0 0.42842962877004054
690.0 0.46211807089397167
700.0 0.4433202697100168
710.0 0.4003902159454495
720.0 0.3445017914478058
730.0 0.3088286356746041
740.0 0.28482948768964517
750.0 0.27116270012043264
760.0 0.27253555236675825
770.0 0.2813815938737031
780.0 0.3020414048923844
