380 2.1611433228195287e-06
390 2.2211914474610206e-06
400 1.9836131368658385e-06
410 1.8255863023494282e-06
420 1.6940277536775334e-06
430 1.774005967979752e-06
440 1.9716342304169344e-06
450 2.1119523630936784e-06
460 2.1574982721616378e-06
470 2.1137852457914643e-06
480 2.022359319443031e-06
490 1.8642494210531097e-06
500 1.7159603443099741e-06
510 1.5989597856217692e-06
520 1.475217826151105e-06
530 1.3574676018325777e-06
540 1.2618163486870207e-06
550 1.183967007300352e-06
560 1.115958012855993e-06
570 1.054454665243404e-06
580 1.0000959626340094e-06
590 9.531198176796016e-07
600 9.12339757780945e-07
610 8.76207091621044e-07
620 8.437438875325276e-07
630 8.144431043937935e-07
640 7.87885119918994e-07
650 7.63624184508099e-07
660 7.411910646591102e-07
670 7.20145224468062e-07
680 7.001318593624362e-07
690 6.808990836567418e-07
700 6.623062249635584e-07
710 6.44293724994661e-07
720 6.268600923197325e-07
730 6.100421926823424e-07
740 5.938770742447336e-07
750 5.783898546658336e-07
760 5.635774321229271e-07
770 5.494071525441261e-07
780 5.358287900553861e-07
