380 1.7495846183513523e-06
390 2.1830926357348756e-06
400 2.5931301100108034e-06
410 2.7432347399918885e-06
420 2.5089685133281546e-06
430 2.236594670360354e-06
440 2.0626926631252774e-06
450 1.943392010771753e-06
460 2.057645828749073e-06
470 2.2827526570647905e-06
480 2.4379849466718212e-06
490 2.4943813248462145e-06
500 2.4849138308824276e-06
510 2.388126404926819e-06
520 2.264581647663666e-06
530 2.0854388435717938e-06
540 1.949990092647085e-06
550 1.8262267176648415e-06
560 1.6986343869734163e-06
570 1.5799673756959064e-06
580 1.4825848769671551e-06
590 1.402345909299364e-06
600 1.330715532710811e-06
610 1.2639248011380553e-06
620 1.2029863605298388e-06
630 1.1495097798517147e-06
640 1.1029533235363299e-06
650 1.061649648213663e-06
660 1.0248731790296613e-06
670 9.918146729373887e-07
680 9.61898607809899e-07
690 9.345851792989427e-07
700 9.094140333768469e-07
710 8.859592241456095e-07
720 8.638422296062801e-07
730 8.427584696340917e-07
740 8.224633864150883e-07
750 8.02794367079199e-07
760 7.836564048143224e-07
770 7.650096547443208e-07
780 7.468610000322624e-07
