380 1.3399687858647832e-06
390 1.4803799833541252e-06
400 1.5558717272503377e-06
410 1.5067625264013584e-06
420 1.3796393987831454e-06
430 1.2245116929035999e-06
440 1.1018413363751824e-06
450 9.85118682401685e-07
460 8.910439958481089e-07
470 8.19273943837912e-07
480 7.57736587151784e-07
490 7.045555237656712e-07
500 6.597787001243814e-07
510 6.220675749112451e-07
520 5.898289081351437e-07
530 5.618820773203228e-07
540 5.374393512990693e-07
550 5.158157227293307e-07
560 4.963126924406145e-07
570 4.783349416117566e-07
580 4.6142720178813767e-07
590 4.4527512737066943e-07
600 4.297146143719147e-07
610 4.147180532055209e-07
620 4.0033361206478453e-07
630 3.866280249860475e-07
640 3.736365573799747e-07
650 3.613433388977553e-07
660 3.496919494867727e-07
670 3.3860802533662214e-07
680 3.2801685212673223e-07
690 3.1785403980847023e-07
700 3.08070409496306e-07
710 2.986319068139043e-07
720 2.895152171775314e-07
730 2.8071050251036403e-07
740 2.7221365914103227e-07
750 2.6402716511067333e-07
760 2.561538407868829e-07
770 2.4859459078575467e-07
780 2.41347907032005e-07
