380 6.229283040407095e-07
385 1.0842985641989344e-06
390 1.2864543880736222e-06
395 1.504394225528434e-06
400 1.4848828788049821e-06
405 1.535540581687577e-06
410 1.3756156043704072e-06
415 1.2610927843122697e-06
420 1.108163210406964e-06
425 1.039975437735385e-06
430 1.0157025819128595e-06
435 8.023837967656555e-07
440 5.093247323475515e-07
445 2.4708188376350487e-07
450 1.1163550611908713e-07
455 1.4823197690337646e-07
460 3.292079340879005e-07
465 5.615837468556337e-07
470 6.595640660670379e-07
475 6.771977862554177e-07
480 7.114505637537505e-07
485 7.828057898369348e-07
490 9.191927063219419e-07
495 1.1107772408259715e-06
500 1.3585993957695748e-06
505 1.6627307247281773e-06
510 2.0145804090292914e-06
515 2.2346095229941983e-06
520 2.3463832826240827e-06
525 2.464448795295442e-06
530 2.5777957755237033e-06
535 2.672999902924578e-06
540 2.7453463744368137e-06
545 2.8032869265611027e-06
550 2.8512332198097955e-06
555 2.888913840101379e-06
560 2.921939281783811e-06
565 2.9380904711230626e-06
570 2.906776677458001e-06
575 2.8294193515496824e-06
580 2.702772076492144e-06
585 2.540696004798951e-06
590 2.3740208207155376e-06
595 2.2223696653858664e-06
600 2.1023443511913035e-06
605 2.0207499043485246e-06
610 1.909405730942624e-06
615 1.8597122251218537e-06
620 1.8443213522305582e-06
625 1.8450565941586154e-06
630 1.8297904587138958e-06
635 1.7534615272221582e-06
640 1.6689741418912234e-06
645 1.5932826333175622e-06
650 1.5174764131261778e-06
655 1.4367168992226478e-06
660 1.3494272613197232e-06
665 1.2558454535738355e-06
670 1.1582322818238917e-06
675 1.0595140214520542e-06
680 9.619014722591261e-07
685 8.702000770810438e-07
690 7.925024908734233e-07
695 7.370279317700525e-07
700 7.065940978678787e-07
705 7.163023311211987e-07
710 7.898327401373287e-07
715 9.028483809964477e-07
720 9.99742264697436e-07
725 1.0686003475121707e-06
730 1.1304157312241103e-06
735 1.2028648896928884e-06
740 1.2917188943761307e-06
745 1.3928428415504227e-06
750 1.5043941524387145e-06
755 1.6260545848651164e-06
760 1.7413374140268094e-06
765 1.8153877962730989e-06
770 1.8046888351654237e-06
775 1.6925276853873376e-06
780 1.528258005266828e-06
