380 1.7843761748923363e-06
400 1.6160061112815566e-06
420 6.044908272874504e-07
440 6.156728190852509e-07
460 9.429223054678464e-07
480 1.2020537978040281e-06
500 1.748885148641172e-06
520 2.344212573302275e-06
540 2.814701060302885e-06
560 2.949125059213508e-06
580 3.125503933267285e-06
600 3.1993317218947266e-06
620 3.0824662652252024e-06
640 2.865249095061149e-06
660 2.623042619945359e-06
680 2.320850038750036e-06
700 2.155167623374264e-06
720 1.9627724957272082e-06
740 1.7674127488539433e-06
760 1.6442086121295215e-06
780 1.5536621515423784e-06
