380 1.172524789163461e-06
390 1.1623748717703162e-06
400 1.1831817909355068e-06
410 1.221996467605165e-06
420 1.270809924712681e-06
430 1.3181565872538288e-06
440 1.3520807899067878e-06
450 1.359733032094151e-06
460 1.3325020309143108e-06
470 1.326667357983761e-06
480 1.2909742748047813e-06
490 1.205500815910447e-06
500 1.0587434025601766e-06
510 7.984254101066081e-07
520 6.508718754035528e-07
530 5.626173030738523e-07
540 5.07885263431599e-07
550 4.705556979582663e-07
560 4.4159569536247773e-07
570 4.174060400927169e-07
580 3.964072511188377e-07
590 3.777306927962587e-07
600 3.607959377755335e-07
610 3.4523962306490077e-07
620 3.3080957150185735e-07
630 3.173400296984729e-07
640 3.047183771168596e-07
650 2.9285811314112334e-07
660 2.816927001904839e-07
670 2.711731606614927e-07
680 2.612549039905153e-07
690 2.5190166093718686e-07
700 2.430749835613749e-07
710 2.34738138094252e-07
720 2.2685565286045576e-07
730 2.1938567777437417e-07
740 2.1229513334568306e-07
750 2.0554836877832533e-07
760 1.9911411322688964e-07
770 1.929667245314656e-07
780 1.8708415333515297e-07
