380 1.6515207627447873e-06
390 1.490140900473883e-06
400 1.4968859365282087e-06
410 1.6417461577927683e-06
420 1.777650022838721e-06
430 1.8353949818348047e-06
440 1.7870531134771422e-06
450 1.6930376899330898e-06
460 1.5164378687911317e-06
470 1.393437880708705e-06
480 1.2697139999914681e-06
490 1.154814493939268e-06
500 1.0610024249492611e-06
510 9.856113647869977e-07
520 9.210047708258904e-07
530 8.639063811591122e-07
540 8.152021102973359e-07
550 7.739445265124007e-07
560 7.377462887884208e-07
570 7.057446117997972e-07
580 6.772725340171612e-07
590 6.518135817648542e-07
600 6.288459508356901e-07
610 6.078263136206289e-07
620 5.8824642112485e-07
630 5.696982789781577e-07
640 5.519095297996967e-07
650 5.347402755721646e-07
660 5.18173450772164e-07
670 5.022630146886017e-07
680 4.870762871672417e-07
690 4.7265215148540097e-07
700 4.589778551509972e-07
710 4.4599739616802384e-07
720 4.336272079670772e-07
730 4.217832582116842e-07
740 4.103902084193711e-07
750 3.993892651154845e-07
760 3.887371650526806e-07
770 3.7840312460605494e-07
780 3.68369936129608e-07
