380 0.11121953149458107
385 0.12498618225495133
390 0.1425519265844726
395 0.16181408742507494
400 0.18057015146215352
405 0.19686293185006087
410 0.5567502858338816
415 0.5307982475532529
420 0.5877206028536583
425 0.650060286076748
430 0.5886910818809491
435 0.4910398055861943
440 0.6182929203793458
445 0.734339067355026
450 0.7348357382373261
455 0.6191026303823286
460 0.37628744632865146
465 0.485849149601808
470 0.647308603576174
475 0.8322087716707415
480 0.9939503575446094
485 0.9749308111819361
490 0.8476619625720432
495 0.5180740957277109
500 0.42564061585974616
505 0.5562202867288835
510 0.5959319962066482
515 0.6133365760328857
520 1.0957958176962717
525 1.5254732885284885
530 1.5366309888586978
535 1.546532952188717
540 1.5342712821324356
545 1.4901294279990513
550 1.0590036346528204
555 0.8860673779195535
560 0.9236332346164255
565 0.9187386436865956
570 0.8710212266693788
575 0.7321676953610379
580 0.5125541945818753
585 0.7780548962664706
590 1.579920995224537
595 1.886686185539076
600 1.9883598017471829
605 2.122301671079769
610 2.232168550268487
615 2.1500176948438536
620 2.1654239942484703
625 2.405248386327763
630 2.2965366940908405
635 1.8499615323629806
640 1.589325163058599
645 1.5719700197151558
650 1.5335851764420163
655 1.4688579482093094
660 1.37880476003715
665 1.3080882541761112
670 1.2409249329910694
675 1.1277156989018915
680 0.8891486622026119
685 0.6366816946967327
690 0.7541104991545912
695 0.9874639601723427
700 1.156906471701612
705 1.3147622601855429
710 1.490851227881363
715 1.708942742914726
720 1.9372901584133577
725 2.0044228842984526
730 1.8917386644374767
735 1.691759502402206
740 1.5504017206523975
745 1.654059587865127
750 2.0327141146304357
755 2.5322590596124175
760 2.8759975621658067
765 2.955697799503525
770 2.924976730465762
775 2.6091387946235294
780 2.406050920692513
