380 0.0813764245022769
385 0.09360044854859227
390 0.10925642668876487
395 0.12583116474619988
400 0.14070749473924976
405 0.1513461143117073
410 0.3777647626877483
415 0.3665668704729643
420 0.3824143954684394
425 0.39453728754459644
430 0.33125177131409284
435 0.35985791287533003
440 0.40950857196364576
445 0.3667120390063278
450 0.26010400581037035
455 0.3052528895429563
460 0.3998920243442688
465 0.4886552145278182
470 0.42023449147951064
475 0.28142458323977104
480 0.2887703238856834
485 0.25256914887960374
490 0.5742247331046709
495 0.7222075998448791
500 0.766743788105952
505 0.6280421711688979
510 0.5455025953914525
515 0.5039669272148863
520 0.26848938576875137
525 0.27030068392778805
530 0.8065734550593044
535 0.8759173298791257
540 0.9868981399108627
545 1.1672532566209253
550 1.0962619075610267
555 0.922010130484759
560 0.9107708823849422
565 0.91188095310926
570 0.5921151654865096
575 0.15075445959738762
580 0.3737674279820395
585 0.575351237156034
590 0.6397529658708839
595 0.7058431656375187
600 0.8108487201294224
605 1.0856333821591628
610 1.5471987288140385
615 1.4913794037805292
620 1.4001678524495726
625 1.3805150536163227
630 1.3713699314654832
635 1.297785370861388
640 1.2500326376413773
645 1.0655818719743217
650 0.6745536216931735
655 0.5854507410279077
660 0.6713687923097151
665 0.7026797037824452
670 0.715180791965764
675 0.7059960344921011
680 0.6673383271238
685 0.5847611648762264
690 0.5050281842583876
695 0.7314956268536575
700 1.3105479253731789
705 1.7259446749393095
710 1.9020797783608785
715 1.9524210070606205
720 1.9892998565845654
725 2.0497214464836624
730 2.1047620849181183
735 2.0996085080631817
740 2.0824097311388483
745 2.1335559766156624
750 2.183644486116257
755 2.043356740776032
760 1.731681627307071
765 1.4797862654148914
770 1.4024640614791073
775 1.4137975261105267
780 1.3949776193434174
