380 0.054663287073451694
385 0.06423628960900696
390 0.07827182457209629
395 0.09308169488194995
400 0.10532693114080399
405 0.11280365943676346
410 0.2730923166037447
415 0.2716395876456612
420 0.27504006858300833
425 0.27054444691537716
430 0.24239330113073287
435 0.27463820143273426
440 0.2518458461826624
445 0.21200996171354577
450 0.25868512252809445
455 0.3134316045733534
460 0.25515781449063346
465 0.2273442460842928
470 0.2508936643063769
475 0.423936254635258
480 0.4400459768413903
485 0.3643092162091504
490 0.2831667199936547
495 0.16401513493139697
500 0.43014015207822853
505 0.5322642495809882
510 0.5927090762542803
515 0.5301299390043211
520 0.47853627877047034
525 0.21616115106032466
530 0.1511068991897991
535 0.3188396619006434
540 0.3667210701526321
545 0.5058992589416662
550 0.7555832139509279
555 0.6917886428401252
560 0.6687599942398272
565 0.6352551401331034
570 0.3596348736897486
575 0.29226210162970045
580 0.33057506169110945
585 0.3011148366053344
590 0.17861059896023038
595 0.284509988457522
600 0.825587153380522
605 0.9695780372024462
610 0.9175616319194806
615 0.9641537241519196
620 1.0738337920726033
625 1.108106942302364
630 0.8818437791121997
635 0.7689446187875101
640 0.7530491635765425
645 0.7522270895510228
650 0.7253756232139908
655 0.41968721407829296
660 0.10436854227811203
665 0.23482339380082834
670 0.6862253415122732
675 0.7149443658061482
680 0.7490023084597467
685 0.8003882528726636
690 0.8766935418085393
695 1.0148253259712634
700 1.2533361170534196
705 1.4941321298783155
710 1.3996275060956567
715 1.283501029026605
720 1.237639561331499
725 1.2438483971765564
730 1.2406939254873508
735 1.157866771054164
740 1.0777964799126964
745 0.9795733544981036
750 0.7473246502132593
755 0.47914485572822735
760 0.39834074661298136
765 0.5089672763887637
770 0.5731029034364471
775 0.6069440203831205
780 0.623285793640855
