380 0.03856024112570607
385 0.0454850569791986
390 0.05714879408616832
395 0.06965297023940316
400 0.08027624507747272
405 0.08621421295521167
410 0.1996938641159081
415 0.19381279351452108
420 0.1859917003347978
425 0.16973198950644583
430 0.16164435438228625
435 0.1662695166522116
440 0.14790438786487398
445 0.17636590080996564
450 0.203874126474376
455 0.17831631241086313
460 0.1905026003396097
465 0.2849125992690874
470 0.2739106920361787
475 0.2009862351742263
480 0.20898297241350494
485 0.33471352675995303
490 0.37312645089267926
495 0.3301268586082051
500 0.12573437825792413
505 0.1832688474299373
510 0.2662078977043764
515 0.4356574217156076
520 0.45141340493263543
525 0.4247610548709836
530 0.18538096010134283
535 0.20351921873410084
540 0.19900789705227423
545 0.15753750952661302
550 0.5330175578288491
555 0.5552504647170495
560 0.6014261717102877
565 0.5812348773271536
570 0.4365591181821384
575 0.423847315897205
580 0.35515183657546306
585 0.08769836059434631
590 0.25217054525586885
595 0.4387227118614741
600 0.5026730947845197
605 0.5596832949820063
610 0.7124609394753605
615 0.7514420248825783
620 0.6503819820739546
625 0.6221718287229426
630 0.60350392081077
635 0.5071690090976344
640 0.19844330180485475
645 0.15818345982062745
650 0.24637386931889096
655 0.27762594711942346
660 0.2599628381865595
665 0.21696763683750972
670 0.35946473981240484
675 0.7516640578748496
680 0.8862800218630865
685 0.8888519217832066
690 0.8591815903796928
695 0.8831404875311291
700 0.9362599727765762
705 0.9724961395150156
710 0.8106255759926053
715 0.660312661590017
720 0.6220378265662947
725 0.6173773369661637
730 0.6090842213260818
735 0.5784398116464724
740 0.4760748637574315
745 0.23862210667707215
750 0.0777542391565037
755 0.24545534708865638
760 0.6312992889651469
765 0.7910470869788655
770 0.8057015496848142
775 0.8352511027953353
780 0.8751560950466335
