380 0.02934559505994455
385 0.03332668180070771
390 0.04330813939569817
395 0.055001262615122296
400 0.06371662905748593
405 0.06641948408957107
410 0.1547300531944395
415 0.14917593478961141
420 0.14101487941165108
425 0.12897176583247463
430 0.1291524863543841
435 0.12328194529863944
440 0.13084378254205237
445 0.15460919761610004
450 0.14461764947266315
455 0.1826243457342333
460 0.20716931709620387
465 0.15800693279492278
470 0.18626240029846564
475 0.23898161638674809
480 0.204024452610484
485 0.09650507817699824
490 0.15111882602552307
495 0.2178048586382936
500 0.2484997451750222
505 0.16195745675969664
510 0.12835878915762802
515 0.09357205752691071
520 0.2899108371547847
525 0.36225228288299427
530 0.38219292830761664
535 0.2847789785251846
540 0.25079340200993455
545 0.04316223964699056
550 0.27620866519152093
555 0.36647425930943583
560 0.4519244922924602
565 0.49667895922258903
570 0.43485122720078184
575 0.4042729810650593
580 0.15652852317448018
585 0.10816300482084436
590 0.20720889082353888
595 0.22204555186489927
600 0.3151717218268428
605 0.6068144114881071
610 0.5421448033526275
615 0.5403295316181554
620 0.5671668808633472
625 0.4201155482736092
630 0.30158821737888697
635 0.31885148655942736
640 0.29582135800115456
645 0.17967541389514055
650 0.08564656506056324
655 0.43519404006131
660 0.5269177066314156
665 0.5680066331579762
670 0.6172890501568666
675 0.6840637578288272
680 0.7517095688369665
685 0.6460528322478322
690 0.5857774419731776
695 0.5663408516835148
700 0.541509925886334
705 0.4639334238424876
710 0.24158224392664612
715 0.06365137155022316
720 0.15766490264888813
725 0.24364963679697346
730 0.284311631055417
735 0.2952349981949906
740 0.28962458649573647
745 0.3274412240339857
750 0.5512701259432136
755 0.7774620255710295
760 0.8173073975814921
765 0.8263350195136212
770 0.8158357699452767
775 0.8183619938356446
780 0.8356645625368394
