380 0.024247205231359543
385 0.024508350722486746
390 0.03170624398801604
395 0.042265277427621824
400 0.05078792907985887
405 0.05291260337815977
410 0.1204664264715185
415 0.1132164495903601
420 0.10469845591639572
425 0.09750688453440594
430 0.10183064528249773
435 0.10335839263159151
440 0.12412861383760727
445 0.12427889431756514
450 0.14607614231093857
455 0.15246259459735914
460 0.12631610963475487
465 0.16580975100135908
470 0.15172813871872134
475 0.0961304568721893
480 0.13505842496446155
485 0.1728323130791174
490 0.10876412701505188
495 0.09438049484685604
500 0.1430967337009818
505 0.23771568209510874
510 0.21070066503060367
515 0.1702699317922416
520 0.04575363037473395
525 0.24478807364987518
530 0.3018423595767956
535 0.2994363345186884
540 0.2485341342970788
545 0.083819908986795
550 0.11856858560428811
555 0.150371265503868
560 0.2433854201018257
565 0.3247699188482315
570 0.32280759387984265
575 0.3083135763526889
580 0.16191916570728573
585 0.1691956800202384
590 0.10047198046925002
595 0.16331638370256393
600 0.3793846576296576
605 0.4123558408357545
610 0.47157805445376044
615 0.4810866060486982
620 0.3890119256981795
625 0.37666727287785173
630 0.32752963020520076
635 0.03738614521695076
640 0.14241866885843074
645 0.25093224451515933
650 0.2863577442777161
655 0.336471333296673
660 0.5441842986227937
665 0.567262393677139
670 0.509938054137087
675 0.502943885754757
680 0.5033272082165576
685 0.3537041958103425
690 0.19638156772809778
695 0.2225405323292604
700 0.24123226639053888
705 0.21679164628708741
710 0.13560459048111168
715 0.13177702430943525
720 0.4595824367229902
725 0.5477696102493887
730 0.5726355593116342
735 0.602271537336584
740 0.6476438668729907
745 0.6926756640928323
750 0.6934351946349677
755 0.5965163881943991
760 0.542950370207459
765 0.5278728041278197
770 0.5179689221992843
775 0.49246826597262644
780 0.38722514645190736
