380 0.020859653789863337
385 0.01920919776381604
390 0.025314430086642407
395 0.034875484713464196
400 0.041552094803431486
405 0.0419099196816676
410 0.09673934779206587
415 0.09038380263763024
420 0.08412741759113387
425 0.08097536516255283
430 0.08560393190753349
435 0.09319568388834613
440 0.10376605948470337
445 0.11095540773376424
450 0.11970250862627795
455 0.10806959825515451
460 0.12400589293647706
465 0.09042172042443376
470 0.09481861804828909
475 0.12277980290976392
480 0.0853376460338998
485 0.07978571852042365
490 0.1593956467035107
495 0.15465195803455506
500 0.10799733410468565
505 0.12742102997282836
510 0.20811357462052588
515 0.21087008223719766
520 0.14456393306582146
525 0.07592034139423565
530 0.1353565964629154
535 0.23474908158543842
540 0.22719237673994344
545 0.16408054916831466
550 0.10258820139402612
555 0.07803273826676328
560 0.1770399599908578
565 0.2856253105342789
570 0.3271967861033076
575 0.2730982190083177
580 0.23100666669189743
585 0.14721102097180985
590 0.060787425244193914
595 0.22323159477010213
600 0.24937221133337098
605 0.35983632551197253
610 0.32379253842379224
615 0.28980637152571725
620 0.28222817724691246
625 0.09811414848783441
630 0.1085377503222607
635 0.1231258027236658
640 0.08575467539373594
645 0.21501448855239674
650 0.3860243275821578
655 0.39377885798234363
660 0.42044907369141754
665 0.46771305115213474
670 0.3563496215102077
675 0.31533054169458274
680 0.30230279588685494
685 0.2450228467178916
690 0.03736662288824132
695 0.12622255345980632
700 0.2702479188277492
705 0.3208622653899628
710 0.35339470107044363
715 0.43176395028764475
720 0.571926971509445
725 0.5417880776564955
730 0.487241409013416
735 0.4728270337248483
740 0.4685762446922453
745 0.38951612071793557
750 0.18086750241599253
755 0.13377311912225295
760 0.17966979214295653
765 0.20347833704594057
770 0.19739230549208847
775 0.15860944134993782
780 0.13018664130321408
