1200 1200 400 400 9100
380 nan385 nan390 nan395 nan400 nan405 nan410 nan415 nan420 nan425 nan430 nan435 nan440 nan445 nan450 nan455 nan460 nan465 nan470 nan475 nan480 nan485 nan490 nan495 nan500 nan505 nan510 nan515 nan520 nan525 nan530 nan535 nan540 nan545 nan550 nan555 nan560 nan565 nan570 nan575 nan580 nan585 nan590 nan595 nan600 nan605 nan610 nan615 nan620 nan625 nan630 nan635 nan640 nan645 nan650 nan655 nan660 nan665 nan670 nan675 nan680 nan685 nan690 nan695 nan700 nan705 nan710 nan715 nan720 nan725 nan730 nan735 nan740 nan745 nan750 nan755 nan760 nan765 nan770 nan775 nan1000 1000 250 250 16100
380 0.006199446286432408
405 0.0002539642711147316
430 2.5851561171959945e-05
455 0.00018490508285157477
480 0.0035155560316409615
505 0.0013751269729491056
530 0.0018545294785448111
555 0.0014904563422752821
580 0.0026505279148963863
605 0.012601363306285559
630 0.011570746548994718
655 0.0008698709718437453
680 0.00044078494133653693
705 0.0002991344065783125
730 0.00021519659703321377
755 0.0001544248214017411
1000 1000 250 250 16100
380 0.0024226349343247724
405 0.00030409341412471734
430 2.5117127450902713e-05
455 0.00019059915133815905
480 0.0006274873263542949
505 0.0010147483372946512
530 0.0009128661962900076
555 0.0010537398432983926
580 0.0013918200501878346
605 0.0030798168367530284
630 0.011686994669870323
655 0.0018865776807111007
680 0.0005800480902174465
705 0.00035932843256190287
730 0.00030820368465885213
755 0.0010187550756301357
1000 1000 250 250 16100
380 0.004160058261611657
405 0.00030876659678578553
430 2.7046667093188996e-05
455 0.0002322954072771296
480 0.0010179080501307473
505 0.0010705079187865024
530 0.0013933829953780667
555 0.0011443283557432773
580 0.00161362761251231
605 0.0017897553011281023
630 0.004444174825600423
655 0.0007104187454220842
680 0.0004714592951220791
705 0.0003762035179050606
730 0.0002455411623798833
755 0.00016026702553640357
1000 1000 250 250 16100
380 0.0017389372925501966
405 0.00036005909016590125
430 2.4797737811042672e-05
455 0.00017198402110585702
480 0.0006666369440330559
505 0.0010381726868433979
530 0.0024712436588812496
555 0.005983457366799841
580 0.0023137986696835653
605 0.002155475962972519
630 0.014057165331165316
655 0.003656862763333027
680 0.0007252901696095929
705 0.00043082315148341375
730 0.0003291452207736654
755 0.00022085681670551
1500 1500 250 250 36100
380 0.004732618377798264
405 0.023075139055895293
430 0.004872094707730364
455 0.003613140847463442
480 0.0026633199693051265
505 0.001846538955408456
530 0.0011311022698556328
555 0.0005682242131393735
580 0.0002043847639679426
605 2.7786197168839542e-05
630 1.434725121235693e-05
655 0.00011898357572146148
680 0.0003070206925026502
705 0.0005379212860984385
730 0.0007694141214044473
755 0.001007256990298226
