380 0.0065486024473854765
385 0.006714187060713918
390 0.006776248226909167
395 0.006919354664463356
400 0.007645101793532133
405 0.008558801825902126
410 0.008948247675492113
415 0.00914785134771726
420 0.010200992084244747
425 0.011643545497293047
430 0.011970308934083646
435 0.01118934749159488
440 0.011004458680902166
445 0.011896892921670024
450 0.013806969656957144
455 0.01678419432020247
460 0.020211690611673855
465 0.02427721864101953
470 0.02955813548000738
475 0.03803313514594814
480 0.04995478330333096
485 0.064634623376533
490 0.08161533463698356
495 0.10656107118549202
500 0.13022306679252552
505 0.14917982337391172
510 0.16857526955563737
515 0.19111038302770308
520 0.21587250244555783
525 0.25015150242389633
530 0.27457402625539373
535 0.3014817774130376
540 0.3504219610780697
545 0.4209691437869257
550 0.47211535678361666
555 0.5141558617016658
560 0.5361592344559934
565 0.5413409497947718
570 0.5327331207422259
575 0.5253861495695042
580 0.5193532134268225
585 0.5200644476925611
590 0.5496478885550471
595 0.5543681487122204
600 0.5599306613819695
605 0.550822424145772
610 0.5432531676925866
615 0.5505649889262219
620 0.5648543575364806
625 0.5643653511084361
630 0.5485999139395964
635 0.5552797417533761
640 0.543566541558573
645 0.5110058086998521
650 0.4813395680914587
655 0.45062325744482457
660 0.4233276586799768
665 0.39364265935052767
670 0.36878498366367535
675 0.34548510264836774
680 0.33491614534842234
685 0.32906474112196765
690 0.31026737031515883
695 0.2882282631501846
700 0.27274842417790635
705 0.25378064056090444
710 0.23832474201283999
715 0.22478840380351275
720 0.2128650187007594
725 0.2004885251466263
730 0.19472261947810052
735 0.19227975209819903
740 0.19090010178353548
745 0.1827896901578533
750 0.17267446780497397
755 0.15739266524634227
760 0.14531955025268048
765 0.1312205127913979
770 0.11905370785636918
775 0.11325339377767268
780 0.10207362109229288
