380.0 5.507103680065755e-05
385.0 5.542304877542201e-05
390.0 5.4989571612835486e-05
395.0 5.641885673704494e-05
400.0 6.07245428495317e-05
405.0 6.813759651926998e-05
410.0 6.854359611392836e-05
415.0 7.09373293490949e-05
420.0 7.784726563737832e-05
425.0 8.495105174703056e-05
430.0 8.761001850717256e-05
435.0 8.30595963472848e-05
440.0 8.194045259206981e-05
445.0 8.65444035292367e-05
450.0 0.00010047100724930796
455.0 0.00011825176501027373
460.0 0.00014029016572212848
465.0 0.00016193895784701476
470.0 0.0001988792142327414
475.0 0.0002595830725024458
480.0 0.00034291170807172094
485.0 0.00045809312478881586
490.0 0.0005997500163180011
495.0 0.0008040345984159931
500.0 0.0010047603156800036
505.0 0.0011617657493985024
510.0 0.001289680198912815
515.0 0.001375862760446792
520.0 0.0014809576693202374
525.0 0.0016494775346553566
530.0 0.001749179028822442
535.0 0.0019076434084584991
540.0 0.0022170912913819785
545.0 0.00268359773035839
550.0 0.0029609421872661443
555.0 0.0032156653623512874
560.0 0.003383379468939093
565.0 0.003432881811224269
570.0 0.0033781121483273864
575.0 0.003236075796358567
580.0 0.0031269602167980615
585.0 0.003112470210135668
590.0 0.0032790229926002805
595.0 0.0032911171334496993
600.0 0.0032715123796446923
605.0 0.0031721685876695853
610.0 0.003079267640117027
615.0 0.0030931980613702085
620.0 0.003122478922066398
625.0 0.003100576176778578
630.0 0.0030255626146958145
635.0 0.0030966087141598665
640.0 0.0030883621960201483
645.0 0.0029530206952192366
650.0 0.0027945759949520774
655.0 0.0026555190901257466
660.0 0.0025245871558295728
665.0 0.002367763419456657
670.0 0.0022328253585268635
675.0 0.002071137753548965
680.0 0.0020205586790053363
685.0 0.0020039284017328335
690.0 0.001855467533394245
695.0 0.0017357378824628177
700.0 0.0016160085998735258
705.0 0.0014950191202860899
710.0 0.0013903723595355118
715.0 0.0012938571625661257
720.0 0.00121676146909247
725.0 0.0011390859681392085
730.0 0.0011216561778415012
735.0 0.001112611002307533
740.0 0.0011035728886285119
745.0 0.0010725771372007697
750.0 0.0010089792416402021
755.0 0.0009514102306936057
760.0 0.000887823988653579
765.0 0.0008219082123423519
770.0 0.000766765157150987
775.0 0.0007352117880276373
780.0 0.0006866976280225555
