380.0 0.029383043255795344
390.0 0.026183778724250307
400.0 0.02577053305173956
410.0 0.029294617885779237
420.0 0.03024938184260717
430.0 0.03313608797722031
440.0 0.027849528052752683
450.0 0.0351432994827884
460.0 0.04906569583572791
470.0 0.06590742006528519
480.0 0.11136198187375687
490.0 0.19807120537019404
500.0 0.30299888322276947
510.0 0.35529486606317484
520.0 0.41413884114215793
530.0 0.5045804641061751
540.0 0.6064636440186049
550.0 0.6670917721195212
560.0 0.6365402671697202
570.0 0.5764928617052296
580.0 0.5451854813137446
590.0 0.5819323642638596
600.0 0.6290085501917779
610.0 0.6715670232011335
620.0 0.7879594818691589
630.0 0.8699931740305965
640.0 0.9970748366883352
650.0 1.0
660.0 0.9893665760471925
670.0 0.9710894010250183
680.0 0.968101175985564
690.0 0.9667741989346732
700.0 0.8658176461595466
710.0 0.7446325891068556
720.0 0.6257502680040117
730.0 0.5567210452705094
740.0 0.4977140243819092
750.0 0.4210849018187784
760.0 0.33970235211684907
770.0 0.2706984933347844
780.0 0.22924529565699112
