380 1.1793083288239231e-05
385 9.286437860973957e-06
390 8.662679219377004e-06
395 9.262341265461848e-06
400 1.086057158672629e-05
405 9.932815434217204e-06
410 5.091632570116522e-06
415 5.030676660524136e-06
420 1.1884377010487679e-05
425 1.6883883779077435e-05
430 1.8615666391805656e-05
435 1.44348110799351e-05
440 7.043053160567162e-06
445 6.600460934640268e-06
450 2.084042481282485e-05
455 3.2061422961425897e-05
460 3.9726828426404514e-05
465 4.621428525568494e-05
470 4.872794787373429e-05
475 5.804863257347358e-05
480 7.789131419051614e-05
485 0.000108475413391974
490 0.00015765484735749276
495 0.00024401861348297458
500 0.0003429609563096039
505 0.00043221922254117745
510 0.0005487258542113254
515 0.0006903972194405668
520 0.0008780444288098113
525 0.0010775422468706566
530 0.0012503705207112757
535 0.0014197289597934898
540 0.0016780602236205384
545 0.001993101645911325
550 0.0021997978921383045
555 0.0023453519031708518
560 0.0024021667481407263
565 0.0024228544936835167
570 0.002450087752038388
575 0.0025018289019089024
580 0.002564775899148565
585 0.0026670788922529463
590 0.0028406678411240917
595 0.00294244415894586
600 0.003026699139523967
605 0.0030387753922842824
610 0.003078637716234492
615 0.003214188588171916
620 0.0034009088653241494
625 0.0035197494521469006
630 0.0035414090355300764
635 0.003805866712698509
640 0.004043438025786985
645 0.0041181817370532295
650 0.00414675842941547
655 0.004171129530927745
660 0.004142771337949249
665 0.004161635246278812
670 0.004199559981127002
675 0.004303016012847372
680 0.004496162273891994
685 0.004825022638068995
690 0.0048003629355253714
695 0.00468209800790527
700 0.004524135109010853
705 0.004346036604213244
710 0.0041444236111331375
715 0.003973450562910439
720 0.003807285180081939
725 0.0036984657366280413
730 0.0037754255967235666
735 0.003795162055738345
740 0.0037770596604023736
745 0.003695379224063251
750 0.0035482397310172054
755 0.0033649270912512823
760 0.0031511870789740965
765 0.0029568131084571343
770 0.0027405258616252787
775 0.002694721928198496
780 0.0024914444371922596
