380.0 0.009226282976530668
390.0 0.00664043816523249
400.0 0.005281153193451404
410.0 0.004233990406251927
420.0 0.006516895032210433
430.0 0.013874345118457174
440.0 0.016451542209916046
450.0 0.02144235039629819
460.0 0.02681277693130891
470.0 0.03244566232448112
480.0 0.048738393931994396
490.0 0.06912214053676774
500.0 0.06857737127891197
510.0 0.05372636925301577
520.0 0.08204949921353318
530.0 0.10784554079022071
540.0 0.0936580099413864
550.0 0.10071290454331926
560.0 0.18556882451948592
570.0 0.2561517837845538
580.0 0.3068112938706594
590.0 0.37824033798656587
600.0 0.45674739745137183
610.0 0.5398465256320121
620.0 0.6930096169705654
630.0 0.819376080181319
640.0 0.979504995727884
650.0 1.0
660.0 0.9878695687830105
670.0 0.9547926236784215
680.0 0.9288864747147079
690.0 0.9006943882087749
700.0 0.7814923989767742
710.0 0.651078820038712
720.0 0.530555804813058
730.0 0.45822628204438587
740.0 0.3975142997578567
750.0 0.325180526757508
760.0 0.2513810100988174
770.0 0.18898496264433237
780.0 0.14774623091603123
