380 0.006496656058663839
385 0.006541457508980928
390 0.006541576622634686
395 0.006777575146802622
400 0.007527469690222612
405 0.00838783513809678
410 0.008704104635240397
415 0.00902943182739728
420 0.010156686142852478
425 0.01185298765032199
430 0.01192324419243282
435 0.011356399618154087
440 0.011656184605400468
445 0.01306006798806807
450 0.01640224964012456
455 0.021988339026280092
460 0.028730469781869685
465 0.037203964996813665
470 0.04802093992292699
475 0.06527082413964283
480 0.09198736387238401
485 0.1255341549798769
490 0.17127240921105522
495 0.24193195613142782
500 0.3180333370113087
505 0.375116453791856
510 0.4144302364881951
515 0.43814184645534826
520 0.4632553882163709
525 0.49371153766722103
530 0.5168432308089854
535 0.5366805143970993
540 0.5824226503186849
545 0.6487117083346534
550 0.6787167932565353
555 0.6850864320457949
560 0.6659078083118729
565 0.6347404086069802
570 0.5989258230348925
575 0.5627291660589484
580 0.5396568270592688
585 0.5215516451530907
590 0.5243770520819641
595 0.5247092917754929
600 0.5219822100876474
605 0.5095347717181942
610 0.5047025586931014
615 0.5175480072315515
620 0.5380950439485257
625 0.5410005433082052
630 0.532611921774232
635 0.5460977383501407
640 0.5458498343828926
645 0.5294456215395762
650 0.5022953948749833
655 0.4877512586416354
660 0.4689690968003597
665 0.4513650966339279
670 0.428122865505386
675 0.4031760807759865
680 0.395524331657823
685 0.39662756421355044
690 0.3691434785822253
695 0.34441092181076843
700 0.3198866666523874
705 0.29737277854452476
710 0.27625835813112687
715 0.2551380446462592
720 0.2348487645822484
725 0.22183719559781942
730 0.21896445438388973
735 0.21657751611682624
740 0.21233026226087168
745 0.2059806294206237
750 0.1939835146927343
755 0.17880189447282058
760 0.1629308196614409
765 0.1509623714015968
770 0.13809057553020368
775 0.13394478246300426
780 0.12304445219890817
