380.0 0.01793780204117946
390.0 0.017200876360264305
400.0 0.01696039282215365
410.0 0.018603097380431043
420.0 0.02194539811318684
430.0 0.02900229633635624
440.0 0.026925783444639497
450.0 0.033104403179787176
460.0 0.04069247466236721
470.0 0.04530448856225851
480.0 0.06370830396459108
490.0 0.10223814461553275
500.0 0.15583169486705128
510.0 0.1931348456978405
520.0 0.24262666856339038
530.0 0.3237158023358342
540.0 0.4373402160989127
550.0 0.5522151104892412
560.0 0.6056610037599058
570.0 0.6172893921394915
580.0 0.6327207768548733
590.0 0.7005572582202602
600.0 0.7535361199240724
610.0 0.7752048275513532
620.0 0.8599516728704485
630.0 0.8938909855706176
640.0 0.9727965525530504
650.0 0.9427173467988462
660.0 0.9212801521406611
670.0 0.9148267558405486
680.0 0.9449198210832537
690.0 1.0
700.0 0.9686816179743514
710.0 0.9169967460625379
720.0 0.8598558686452187
730.0 0.8613065289969499
740.0 0.8699662375276549
750.0 0.8289450468863506
760.0 0.7455909412890365
770.0 0.6513944801181086
780.0 0.5918233400061418
