380 0.006443829582369359
385 0.0066249232905933614
390 0.0068160064038747924
395 0.006994507943564869
400 0.007796806539964563
405 0.008904657219838581
410 0.00931029111460653
415 0.009602460239425903
420 0.0107113494346308
425 0.012627596082488342
430 0.013325983762264654
435 0.012758924750221574
440 0.012712972048414024
445 0.014181163923810847
450 0.01816240073517306
455 0.022657961157535756
460 0.02765659821091135
465 0.034075435141868116
470 0.042471381621772025
475 0.054851070223278474
480 0.07191630283720055
485 0.09565233523331469
490 0.12575466781197886
495 0.16971494160310563
500 0.22427264391961169
505 0.2564087119717962
510 0.27781370773091507
515 0.29293993611886426
520 0.30352818891964756
525 0.317696482927807
530 0.32413338890488436
535 0.33318706505016127
540 0.36668333569093725
545 0.41902358269651574
550 0.4403497714277548
555 0.4480040430102422
560 0.441150904978216
565 0.41635788510702626
570 0.3877272665574212
575 0.36994993465335213
580 0.3568956775809812
585 0.34748776174736856
590 0.34913046611407256
595 0.3459009474420815
600 0.3426770124437914
605 0.3283990644901738
610 0.31735324436700596
615 0.32192195876247526
620 0.32922695584940054
625 0.327239925586891
630 0.32063223471110247
635 0.3224346874391097
640 0.3228863560446505
645 0.31450491875167297
650 0.3023567500969236
655 0.2928619980756033
660 0.28193854605422
665 0.2692541587795567
670 0.2596484138355471
675 0.24586915965711562
680 0.24220897398017802
685 0.2448147319727998
690 0.23167776871196566
695 0.21877708988038327
700 0.20614079290513176
705 0.19461284345841914
710 0.18426286406244521
715 0.1745439742399403
720 0.16532637962997151
725 0.15885738221461765
730 0.15741577239257049
735 0.15828372988505188
740 0.1583865520387576
745 0.15451321054110714
750 0.14600156032046277
755 0.1378295289083571
760 0.12731901435506912
765 0.11818135285273591
770 0.10951441539081315
775 0.10494776193973043
780 0.09655765964345198
