380.0 0.03068009529568009
390.0 0.02457403237883706
400.0 0.02408730884861216
410.0 0.026970334163586147
420.0 0.027752313262019556
430.0 0.031572986553253427
440.0 0.02802848467621244
450.0 0.037862389642268804
460.0 0.054898433001602784
470.0 0.07097165115567358
480.0 0.10900656434272449
490.0 0.17574440896094567
500.0 0.25097630356659006
510.0 0.282770178788728
520.0 0.32290948226200367
530.0 0.39455007027213584
540.0 0.48646000667802536
550.0 0.5637549732111079
560.0 0.5800722823237925
570.0 0.5677307763685394
580.0 0.5743874019709542
590.0 0.6404572760902948
600.0 0.6974056369383084
610.0 0.7246778112096633
620.0 0.8072169323463193
630.0 0.8363949435065493
640.0 0.9012090110296427
650.0 0.8614052370057796
660.0 0.8291732762464197
670.0 0.8090422863132181
680.0 0.8175573345851614
690.0 0.841981766998925
700.0 0.7894660112458729
710.0 0.7200923476967696
720.0 0.6485884063617829
730.0 0.6234207093590556
740.0 0.6052024400892702
750.0 0.5567006290949578
760.0 0.4863161040936772
770.0 0.41507254148269696
780.0 0.3701662073792844
