380.0 0.021631235794709935
390.0 0.018164657919169047
400.0 0.018236360601523817
410.0 0.020579670812232255
420.0 0.021366969965457262
430.0 0.025047632923152374
440.0 0.022911908859358725
450.0 0.030044592180689438
460.0 0.040488128853703245
470.0 0.04978171472498535
480.0 0.0763842447500105
490.0 0.1283121766649644
500.0 0.19848674313705678
510.0 0.24750108840450924
520.0 0.3100403561947433
530.0 0.4018553033819113
540.0 0.5110195181809231
550.0 0.5980677081706809
560.0 0.6123630997813966
570.0 0.5956921942994412
580.0 0.5982335896728028
590.0 0.6632985155609165
600.0 0.7240058685949946
610.0 0.7588739888822863
620.0 0.8548289915311564
630.0 0.8953155923337405
640.0 0.9724834716930856
650.0 0.9318740582865869
660.0 0.8930640030789164
670.0 0.8635722929190072
680.0 0.8637913484184737
690.0 0.8815897765892304
700.0 0.821317543086961
710.0 0.7467387626398769
720.0 0.6723565053715193
730.0 0.6471719327889487
740.0 0.62910604904469
750.0 0.5782223375652269
760.0 0.5030745068851817
770.0 0.4264738322382741
780.0 0.37719840593819326
