380 1.2217993179519265e-05
385 1.1171987287574232e-05
390 1.1464124990201451e-05
395 1.1897307862999723e-05
400 1.2381953214043888e-05
405 1.4006643933587927e-05
410 1.4948572610448864e-05
415 1.7076958551868045e-05
420 2.0429246550704745e-05
425 2.3387800187396925e-05
430 2.5009769769841264e-05
435 2.4124904991136827e-05
440 2.475543237924078e-05
445 2.649854817636216e-05
450 3.147791913783756e-05
455 3.565427984971596e-05
460 3.991773088118173e-05
465 4.682311452920237e-05
470 5.6234328793088524e-05
475 7.421684097334628e-05
480 0.0001013118193911304
485 0.00014627216475607009
490 0.00021046710653440515
495 0.000302282385303939
500 0.00039699669492993797
505 0.00046052204834893536
510 0.0005307537604279937
515 0.0006097841828315976
520 0.0007112335289314664
525 0.0008301810593220258
530 0.0009590027741394695
535 0.0011114115721969067
540 0.0013313801746632856
545 0.001569410784562233
550 0.0017072927866354376
555 0.0017931710156784083
560 0.0018117257218087388
565 0.001804040105830161
570 0.0018022306016591359
575 0.0018346872898056762
580 0.0019161502191027153
585 0.002074527798549877
590 0.0023277944412195798
595 0.0025523779227885693
600 0.0027685706436139075
605 0.0028967990618261595
610 0.0030174128499734277
615 0.003210713734432849
620 0.0034548837061737473
625 0.0036280834262446726
630 0.003664876010604069
635 0.0038955065129442678
640 0.004049556602744052
645 0.004037492503980302
650 0.004006495623758627
655 0.003996207566953812
660 0.003938749766338947
665 0.003897155656731806
670 0.0038268922809479395
675 0.0037752199646587403
680 0.0037811323165917957
685 0.003911711216973236
690 0.0038103829123524923
695 0.003708408573789287
700 0.0036321998318484656
705 0.0035739762787468004
710 0.0035086787625144486
715 0.003458848632709341
720 0.0033843033611063943
725 0.0033240402266939734
730 0.0033979316224841682
735 0.0033953438492162064
740 0.003343923934825099
745 0.003229028352230575
750 0.0030551758846123684
755 0.0028517987992158133
760 0.0026270420564081854
765 0.002423691640498516
770 0.0022080401858840977
775 0.0021348220937642283
780 0.001944844040797853
