380 6.283558951410912e-05
390 5.374175269165181e-05
400 5.5199992933160814e-05
410 6.11848250183117e-05
420 6.312419031294254e-05
430 7.344602113179931e-05
440 6.330899596802031e-05
450 7.550981716779571e-05
460 9.301446609569499e-05
470 0.00010664447512736043
480 0.0001545402462570117
490 0.0002478509243070738
500 0.00036504195111827987
510 0.00043011055041605576
520 0.0005101696181421064
530 0.0006361261661419247
540 0.0007965051983910234
550 0.0009380427153039031
560 0.0009801983744742511
570 0.0009775574158338947
580 0.00100369196173971
590 0.0011305932281181993
600 0.0012451900190631078
610 0.0013090984497872349
620 0.001472452129535109
630 0.0015354782490403286
640 0.0016582064084159033
650 0.0015793728423805116
660 0.001505117077484882
670 0.001448070022248018
680 0.0014414482984181263
690 0.001463370599873612
700 0.0013544365772051265
710 0.0012211825286651346
720 0.0010880690470933547
730 0.0010341346414841682
740 0.0009904557767053187
750 0.0008950314404589571
760 0.0007639405036466898
770 0.0006339326519699046
780 0.0005477591334181587
