380 0.006608524416078906
385 0.006650765853050641
390 0.006598748593540258
395 0.006770262808445393
400 0.007286945141943804
405 0.008176511582312397
410 0.008225231533671403
415 0.008512479521891388
420 0.0093416718764854
425 0.010194126209643668
430 0.010513202220860707
435 0.009967151561674176
440 0.009832854311048377
445 0.010385328423508403
450 0.012056520869916956
455 0.014190211801232849
460 0.016834819886655417
465 0.019432674941641772
470 0.023865505707928968
475 0.031149968700293493
480 0.041149404968606515
485 0.0549711749746579
490 0.07197000195816014
495 0.09648415180991918
500 0.12057123788160042
505 0.13941188992782028
510 0.1547616238695378
515 0.16510353125361504
520 0.1777149203184285
525 0.19793730415864277
530 0.20990148345869306
535 0.22891720901501988
540 0.2660509549658374
545 0.3220317276430068
550 0.35531306247193734
555 0.3858798434821545
560 0.40600553627269115
565 0.41194581734691227
570 0.40537345779928635
575 0.388329095563028
580 0.37523522601576736
585 0.3734964252162802
590 0.3934827591120337
595 0.3949340560139639
600 0.39258148555736305
605 0.38066023052035025
610 0.3695121168140433
615 0.37118376736442504
620 0.37469747064796777
625 0.3720691412134294
630 0.3630675137634977
635 0.371593045699184
640 0.3706034635224178
645 0.3543624834263084
650 0.3353491193942493
655 0.31866229081508957
660 0.30295045869954873
665 0.28413161033479883
670 0.26793904302322363
675 0.24853653042587576
680 0.24246704148064038
685 0.24047140820794002
690 0.2226561040073094
695 0.2082885458955381
700 0.1939210319848231
705 0.17940229443433078
710 0.1668446831442614
715 0.15526285950793509
720 0.1460113762910964
725 0.13669031617670502
730 0.13459874134098015
735 0.13351332027690396
740 0.13242874663542142
745 0.12870925646409237
750 0.12107750899682425
755 0.11416922768323268
760 0.10653887863842948
765 0.09862898548108223
770 0.09201181885811843
775 0.08822541456331648
780 0.08240371536270666
