380 0.006483471055277669
385 0.006517402012812125
390 0.006493697777480236
395 0.006438579249135556
400 0.00646456510833419
405 0.006557685669494285
410 0.006558185562321667
415 0.006499154424052418
420 0.0065686711358289174
425 0.00650922854335323
430 0.006502655735937222
435 0.006523261236830504
440 0.0065167563049553295
445 0.006475213555968863
450 0.006451757779498075
455 0.006499600097050281
460 0.006516147164403576
465 0.006468092383495801
470 0.006511957787603828
475 0.0064693924162362495
480 0.006470241967751482
485 0.006466417566660729
490 0.0064952868860375275
495 0.006498314103195032
500 0.006528448782023247
505 0.006550198076153008
510 0.006562575138937847
515 0.006583440954959924
520 0.006465373126789262
525 0.006508820405637827
530 0.006543026931561901
535 0.00648255584666545
540 0.006513722147847461
545 0.006531607659638847
550 0.006500871452100685
555 0.006541893126213954
560 0.00654721728331538
565 0.006593430701574591
570 0.006505050670978103
575 0.006504825557410561
580 0.006490277355124875
585 0.006483048729861166
590 0.006560144127856164
595 0.00648218048425221
600 0.006625527977481688
605 0.006586765017778578
610 0.0066068241694390946
615 0.006595652247835376
620 0.006453791542006824
625 0.00648472981463682
630 0.006443398864801926
635 0.006476810297076763
640 0.006423161427328846
645 0.00653730610615447
650 0.006479408856171443
655 0.006527869561380005
660 0.006515316920724036
665 0.006516099308501895
670 0.006505263291082662
675 0.006462840764650542
680 0.006503035320672997
685 0.006445393955198713
690 0.006451850997512637
695 0.006595411612586144
700 0.006664885419095342
705 0.006556420750352139
710 0.006495056982282135
715 0.006466832436697704
720 0.006447819707435456
725 0.006490910526926986
730 0.006541061503567323
735 0.006596353546885946
740 0.006597396268097755
745 0.006514484925309278
750 0.006491742266564241
755 0.0065822302500783145
760 0.0065549220586735395
765 0.006567796479496658
770 0.006514114118494881
775 0.006539621489510794
780 0.00651263033111093
