380 0.006311080672275482
385 0.00622806937449584
390 0.006277449934634329
395 0.006449201182328555
400 0.0071771675954436205
405 0.008196315434765546
410 0.008686228727905946
415 0.009218339382109836
420 0.010433879248226013
425 0.011939855779181012
430 0.013048506320950672
435 0.012863712549679222
440 0.012632397593584957
445 0.013539416962121294
450 0.016724929185305364
455 0.02013144525898813
460 0.022728361936937266
465 0.02575217754340105
470 0.029088796951903986
475 0.03551682047065638
480 0.04592548868098913
485 0.06142347871232427
490 0.08004286540460617
495 0.10418229519003613
500 0.12672858427350622
505 0.1415311974603481
510 0.15884797666104053
515 0.17505371718572707
520 0.19796379391306024
525 0.22662417211632868
530 0.2567680122265284
535 0.28887209538668707
540 0.33164641332170514
545 0.37668448612048305
550 0.4003127077998334
555 0.41683020809454907
560 0.4265201987513989
565 0.4304893426598433
570 0.4330597009302495
575 0.44021682097402126
580 0.45315649305647304
585 0.47747750843705594
590 0.5197990751608677
595 0.5524682079310512
600 0.5825506733143198
605 0.6093861265991138
610 0.6310407654816134
615 0.6748308421528719
620 0.7291847729629549
625 0.769471685696358
630 0.7868578711783933
635 0.843150182664907
640 0.8786065667791352
645 0.8773382269408507
650 0.8713484059929654
655 0.871448203762645
660 0.8702870545926923
665 0.8726664800298626
670 0.877104653586838
675 0.8852282418131878
680 0.9184810035402821
685 0.9818809727860163
690 0.9798334196004235
695 0.972802708952819
700 0.9636185300800925
705 0.9488670335164406
710 0.9226790478287217
715 0.8976091531343725
720 0.8743713876830825
725 0.8624602352331425
730 0.8859677472917917
735 0.9003451947287049
740 0.9080873344085653
745 0.9005395865899927
750 0.8771722646054254
755 0.8446756193003704
760 0.8022324393618095
765 0.7623071755109527
770 0.7140850864182932
775 0.7078452452314817
780 0.6642204865259859
