380 0.006365438426060624
385 0.006231863242372977
390 0.006309078487571381
395 0.006264134882502744
400 0.006228692869206386
405 0.0062601856982794826
410 0.006315950472651881
415 0.0062431484401893065
420 0.006315993163275232
425 0.006349227255984742
430 0.006258221408496978
435 0.00629725168595473
440 0.006287031436657001
445 0.006225298973619889
450 0.006279415054564619
455 0.006296104315131949
460 0.006299316727996228
465 0.006325177626503149
470 0.006256078129278992
475 0.00629207964616856
480 0.006294069109375479
485 0.006261206801021401
490 0.006225490601991877
495 0.006256379806034126
500 0.006315236248402156
505 0.006251825275243058
510 0.006275431359828252
515 0.0062926971174455636
520 0.0063238886584821965
525 0.006315473095546316
530 0.006312814767072378
535 0.006232430972692203
540 0.0062386716392535905
545 0.00628484914075743
550 0.006291771656333189
555 0.006309691462208507
560 0.006335212077888448
565 0.006359850327731064
570 0.006335322639407245
575 0.006307164068660245
580 0.006290039505245631
585 0.006277202868609656
590 0.006280984291810974
595 0.006257601780937145
600 0.006279841464933336
605 0.006336631413264722
610 0.006336836000016319
615 0.006297404293412837
620 0.006278410227908965
625 0.0063152849084206816
630 0.006210245925609886
635 0.006250841717165772
640 0.00632504589933585
645 0.006317518719665018
650 0.006314225078940111
655 0.00629801519933418
660 0.006384033957527472
665 0.006315492866018284
670 0.006268400343883732
675 0.006312398646773739
680 0.006214836850330578
685 0.006264881108329261
690 0.006303518380171587
695 0.00632398729680221
700 0.006236144942966924
705 0.0062808745432961196
710 0.006315711320733998
715 0.006282068531545202
720 0.006317058270592481
725 0.006228323172774324
730 0.0063053487634695815
735 0.006252613209936699
740 0.006272592238462747
745 0.006309931169393868
750 0.00635111806899906
755 0.006287137774483818
760 0.006301472427339297
765 0.006277292673774354
770 0.006211670092534319
775 0.006192872634368371
780 0.006297109996769055
