380.0 0.0009343156822607366
385.0 0.0007455310227437609
390.0 0.0006899839353224262
395.0 0.000718099885830944
400.0 0.0007566056833911093
405.0 0.0006059317453844021
410.0 0.0002930864895232847
415.0 0.0002728624132827678
420.0 0.0005695090353143718
425.0 0.0007070388491843051
430.0 0.0007133255689931482
435.0 0.000561067072362988
440.0 0.00027876945403237615
445.0 0.0002437498214696439
450.0 0.0006230347698911452
455.0 0.0007963020674611368
460.0 0.000873948341209799
465.0 0.0008972888831982923
470.0 0.0008375724158393707
475.0 0.0008171991721701657
480.0 0.0008480183491521482
485.0 0.0008830126172112181
490.0 0.0009848151147548766
495.0 0.001171113638060415
500.0 0.001353131806354847
505.0 0.0015269397500232045
510.0 0.0017272044181658982
515.0 0.001971958181008161
520.0 0.0022176894356637305
525.0 0.0023773771279736707
530.0 0.0024348253309843
535.0 0.002457366049657767
540.0 0.002529893519446536
545.0 0.002645584991352456
550.0 0.002747599375783818
555.0 0.0028133180580794887
560.0 0.002816005848225784
565.0 0.002814070237736369
570.0 0.002828810608301106
575.0 0.0028415871256047983
580.0 0.0028299008603512813
585.0 0.002792884319287824
590.0 0.00273246719441061
595.0 0.0026629986275274334
600.0 0.0025977990226190057
605.0 0.002493308642619746
610.0 0.002439333466741139
615.0 0.002381477243925222
620.0 0.0023319938864774727
625.0 0.0022871208373064374
630.0 0.002250348611386758
635.0 0.0022569328637689887
640.0 0.0023010515620260712
645.0 0.0023469749810245493
650.0 0.0023795065216708202
655.0 0.002393217125767253
660.0 0.0023801177531522226
665.0 0.002384436288956808
670.0 0.00239399025187775
675.0 0.002430455677754715
680.0 0.0024476076568603765
685.0 0.0024570303182362024
690.0 0.0024495811428247474
695.0 0.0024064992648639674
700.0 0.002347472037837848
705.0 0.0022901188737199088
710.0 0.002245864160937614
715.0 0.002213352297620572
720.0 0.0021771556307271897
725.0 0.0021441369616468533
730.0 0.0021306789148161495
735.0 0.0021076149892052883
740.0 0.002079678637331927
745.0 0.0020517583452695693
750.0 0.002022544415841337
755.0 0.0019918457537808367
760.0 0.0019640112543198346
765.0 0.0019393842819826973
770.0 0.0019189070838681172
775.0 0.0019034682696196256
780.0 0.001875464915440235
