380 1.6502950208241168e-14
385 2.9552789466280144e-14
390 2.3029189947218703e-14
395 1.132272985387213e-14
400 1.5266636081629087e-14
405 1.7718832267413855e-14
410 1.0064189991038165e-14
415 8.931136988699716e-15
420 8.373843584143904e-19
425 1.9511373505525292e-17
430 1.0997917895945118e-16
435 1.2867445861896029e-15
440 2.1387174070071507e-15
445 1.0863156628552912e-14
450 2.3176924168826186e-14
455 1.3768506782643474e-14
460 2.000806213238718e-14
465 1.4641866327458134e-14
470 7.573790533196352e-14
475 4.627533643717555e-13
480 3.598349467320402e-13
485 1.018581726770235e-13
490 4.25138955155372e-14
495 2.2446897537961028e-13
500 3.564774883786977e-14
505 2.2210937586730923e-15
510 6.305304021564732e-14
515 2.0427389450208643e-13
520 6.312318003265784e-14
525 5.619407951747136e-12
530 2.470490966000479e-13
535 2.731074642203255e-12
540 4.5424488564192595e-13
545 3.8874653880683526e-13
550 1.6524710452461044e-13
555 6.37784234011681e-13
560 3.674290858909142e-12
565 4.852833563437452e-12
570 1.917314174764855e-14
575 7.1042717666361795e-12
580 8.08487794426276e-13
585 3.7031887731606055e-15
590 6.752149640525054e-16
595 2.4920055956255987e-17
600 3.757985227026285e-18
605 1.7837746686492377e-17
610 1.31686561013329e-17
615 2.5954893019819855e-17
620 7.332271860591478e-18
625 2.135496843900312e-16
630 8.332064539018755e-17
635 4.863814318479406e-16
640 1.0196710643241999e-15
645 2.2718254931197604e-16
650 2.394655607520459e-15
655 5.117748207235529e-15
660 2.0606880328443346e-14
665 4.296929302884993e-14
670 4.4394176047390554e-14
675 4.876580545186242e-14
680 1.0783244088990434e-13
685 7.624141555191191e-14
690 9.651760378965327e-16
695 6.814564625247208e-15
700 1.790925995028308e-15
705 5.469339920053246e-16
710 5.1361300455220775e-17
715 1.0439186694790538e-16
720 4.977949577557135e-17
725 4.788456412797003e-17
730 6.016435626167068e-17
735 5.043491761104637e-17
740 4.727857536690501e-17
745 3.735301004372694e-17
750 3.644542944855258e-17
755 1.4258721258450216e-16
760 6.452942601206474e-17
765 7.603793870039578e-18
770 5.561814118394396e-17
775 3.500950689893057e-17
780 2.635394592247068e-17
