380.0 0.0012906393071678722
385.0 0.001195874849363315
390.0 0.001217492783383359
395.0 0.0012298482170266828
400.0 0.0011501243862926736
405.0 0.0011392634527930484
410.0 0.0011473005588277993
415.0 0.0012349989041055517
420.0 0.001305314866739084
425.0 0.0013058672633872836
430.0 0.0012777845552935355
435.0 0.0012502821352683507
440.0 0.0013064520384112564
445.0 0.001304760672757482
450.0 0.0012547305398257142
455.0 0.001180716018846099
460.0 0.0011708639919274593
465.0 0.0012121464149401145
470.0 0.0012887969409911203
475.0 0.0013930834271358543
480.0 0.001470669444512171
485.0 0.0015875814680043664
490.0 0.001752953291302284
495.0 0.0019343170529602545
500.0 0.002088435413398332
505.0 0.0021692369202578436
510.0 0.0022275124161031373
515.0 0.0023222745285842125
520.0 0.0023951636639301115
525.0 0.002442166845573398
530.0 0.0024899331393180148
535.0 0.0025649450395665253
540.0 0.0026763044841008918
545.0 0.002777586799898549
550.0 0.0028432651997133663
555.0 0.00286794795715584
560.0 0.002831793550242809
565.0 0.0027937820631185697
570.0 0.0027744143941167
575.0 0.0027784600714806213
580.0 0.002818967617093406
585.0 0.0028965103233734887
590.0 0.002985505428867456
595.0 0.003079969593601314
600.0 0.0031683316953500496
605.0 0.0031690898270501935
610.0 0.0031877632582321086
615.0 0.0031718701773122914
620.0 0.003158672382524977
625.0 0.0031433544977996363
630.0 0.0031050724193392755
635.0 0.0030801207131979855
640.0 0.0030727113863104343
645.0 0.003067986309801671
650.0 0.003065360611364124
655.0 0.003057139100713363
660.0 0.003017203534974134
665.0 0.0029772012912259796
670.0 0.0029087310279324284
675.0 0.0028431236046167897
680.0 0.002744482322455905
685.0 0.002655930352314184
690.0 0.002592537898878341
695.0 0.002541391342533871
700.0 0.0025128891557994223
705.0 0.002511048195728663
710.0 0.0025351384975242732
715.0 0.0025689344637595288
720.0 0.0025803706211340034
725.0 0.002569424916381148
730.0 0.0025568512569980844
735.0 0.00251410523363342
740.0 0.00245492095170412
745.0 0.0023904396877267036
750.0 0.0023219885138423863
755.0 0.002250803925241666
760.0 0.0021831096388124495
765.0 0.0021196106752058184
770.0 0.002061416515464268
775.0 0.0020106297792686707
780.0 0.0019520064800267354
