380 0.006673745263848196
385 0.0067459975287262825
390 0.006921314621827678
395 0.007331130118128325
400 0.008302287086109477
405 0.010287254440892967
410 0.010617426200213737
415 0.011099499274546214
420 0.013138039435494232
425 0.015948405981957837
430 0.017642257606970475
435 0.0171172402393217
440 0.018448372391709655
445 0.022389370352369924
450 0.03161844952226335
455 0.04196524666925072
460 0.05574197499338051
465 0.07450833656865599
470 0.09724523991337455
475 0.12853575549412713
480 0.17227711207691598
485 0.23512019939357356
490 0.30960236196354385
495 0.43020843512850127
500 0.5568091291044358
505 0.6611233572904489
510 0.7579166160393446
515 0.8389001496596815
520 0.9270435059411549
525 1.02877053201168
530 1.1079711813918305
535 1.1983284378393857
540 1.3621347325010147
545 1.620761038595534
550 1.8121024036719462
555 1.9616995018451928
560 2.059269481650811
565 2.06495995899277
570 2.0471693165928424
575 2.0167786399533854
580 2.0136492543786773
585 2.0426621078874794
590 2.1461832902900166
595 2.2138242683178713
600 2.2967212006533235
605 2.351717983456529
610 2.405569565464259
615 2.5824881072060575
620 2.8165926991096715
625 2.9831932283359257
630 3.0700862355328082
635 3.1792418891167906
640 3.253284666609733
645 3.249685599539668
650 3.217345193800464
655 3.1874740121539524
660 3.141574282214793
665 3.0761646884623817
670 2.9971264586935384
675 2.8868932137961654
680 2.884744394019504
685 2.931134960465795
690 2.8081519398215686
695 2.6782565287330438
700 2.558581748348222
705 2.4300270948696365
710 2.3101157549359197
715 2.1988220852375413
720 2.0808320935214106
725 2.008131748099028
730 2.006569904189543
735 2.01134520591676
740 2.0134980531196995
745 1.9710846542487153
750 1.8771121030018767
755 1.7685008966593134
760 1.6431164529818525
765 1.5056475496258181
770 1.384481686316586
775 1.313214267793883
780 1.1899764620752098
