380 -5.163485610341833e-06
385 -3.473931762972003e-05
390 1.63419781805685e-05
395 6.884883892031903e-05
400 0.00016946349717795553
405 0.00014333490162800645
410 0.00012391951214698363
415 0.00011115674222660161
420 0.00011291785693419868
425 0.00011846330469013641
430 0.00010303563780215758
435 8.997131050017671e-05
440 8.650164914552209e-05
445 8.961985726953208e-05
450 9.232458263204166e-05
455 9.560832603007155e-05
460 0.00010365790631423617
465 0.00011591906325398838
470 0.00012579448871732421
475 0.00013342224112822555
480 0.00013530278115764236
485 0.00013122352138718524
490 0.0001275687526305348
495 0.00012621580291227947
500 0.00012681000000085464
505 0.00013137803613956194
510 0.0001332861972358132
515 0.00013555788021422422
520 0.0001368219843600627
525 0.00013764143214513457
530 0.00013380348943415953
535 0.00013133734992832642
540 0.00013256512586188256
545 0.0001399869999345196
550 0.00014745141373144827
555 0.00015407787954543661
560 0.0001574773936674588
565 0.00015774040604522836
570 0.00015425494396804397
575 0.00014925211092909653
580 0.00014312717531146004
585 0.00013551332725460338
590 0.00013221719502704333
595 0.0001250577546667079
600 0.00012035184991644439
605 0.00011364994156560438
610 0.00010703669891625808
615 0.00010151785803557922
620 9.697213790026143e-05
625 9.143321069535198e-05
630 8.68533771154145e-05
635 8.185759878630827e-05
640 7.674363550000584e-05
645 7.215456130737334e-05
650 6.844776338133857e-05
655 6.399191491404518e-05
660 6.0295062336286135e-05
665 5.5885233927382874e-05
670 5.208153144380964e-05
675 4.803516028827855e-05
680 4.4818278155591717e-05
685 4.1384811254281257e-05
690 3.8751998066190447e-05
695 3.6466092224170926e-05
700 3.4595167156567576e-05
705 3.279016424354861e-05
710 3.1624769489665116e-05
715 3.0634699540213074e-05
720 2.9629212977459985e-05
725 2.8309614838513855e-05
730 2.6652560149713667e-05
735 2.5960641838133313e-05
740 2.559752792004579e-05
745 2.468409870499796e-05
750 2.3895248112435668e-05
755 2.2652672231486906e-05
760 2.1805593919129662e-05
765 2.055141916178698e-05
770 1.9854713346748187e-05
775 1.898465105686412e-05
780 1.8205348078230717e-05
