380 0
385 0
390 0
395 0.0008624033439316155
400 0.0015339682256870328
405 0.0012168784673336173
410 0.0011360168755665775
415 0.0010569661915130553
420 0.0011430715387194161
425 0.0011525021777786261
430 0.0009983375022584841
435 0.0009359338056726321
440 0.001001584822580353
445 0.0011228825210701106
450 0.0012463540499869823
455 0.0013602921118168495
460 0.0016748298378098739
465 0.0019644043468735415
470 0.0022601858330491592
475 0.002506142738144021
480 0.002641484617771847
485 0.0027046023435034006
490 0.002802146218251523
495 0.002990933352405944
500 0.0032377479387678152
505 0.0033838352710356327
510 0.003345161239615009
515 0.0032011369670169117
520 0.002988271460221794
525 0.002770742593356999
530 0.002550600429327077
535 0.0023559089099546805
540 0.0022145473069651233
545 0.002167505632803124
550 0.002116000995123357
555 0.0020731572663561793
560 0.001964805797736817
565 0.0018508871155401626
570 0.0017364796106089382
575 0.0016057985510201222
580 0.0014947284642952302
585 0.0013704640691674683
590 0.0012603952578648435
595 0.0011893777333986312
600 0.0011170242438034127
605 0.0010458898096103245
610 0.0009938706834779086
615 0.000952125660457562
620 0.0009194341292933516
625 0.0008767584515107677
630 0.0008365184424957465
635 0.0008059908824445677
640 0.0007708963360690498
645 0.000748088026801326
650 0.000716116284935151
655 0.0006903403048286944
660 0.0006716886109132771
665 0.0006409098223898084
670 0.0006054381332513392
675 0.0005630899262053939
680 0.0005334116965553682
685 0.0004995583179290108
690 0.00046320914254451055
695 0.0004370455667037934
700 0.00041003832778929304
705 0.0003864105525390326
710 0.00036632109189247856
715 0.00034803275934715847
720 0.00032770490810045665
725 0.00031352316285479217
730 0.0003018871223285878
735 0.00029318744611429073
740 0.0002852442652133528
745 0.00027944172468785113
750 0.00026914232153962863
755 0.00025814550234905194
760 0.0002497840417624163
765 0.00023824035832170035
770 0.00023332000313408885
775 0.00022714631574113767
780 0.00022151487632827413
