380 0.09541249261331777
390 0.08825616026736918
400 0.10034001183874869
410 2.2866889802592594
420 2.0652147904609186
430 1.9327853926832732
440 1.8102179555564681
450 1.707173489068904
460 1.6254938271472794
470 1.5566090135505415
480 1.4983149475037134
490 1.445335818294419
500 1.389858461702726
510 1.3280485715667805
520 1.260826898974031
530 1.1926822429673989
540 1.1299103206586425
550 1.077868880634963
560 1.0384458614013192
570 1.0102032685010147
580 0.9901075157284482
590 0.9750956454613428
600 0.9627739100634332
610 0.9515135192755523
620 0.940293058814608
630 0.9285150567725275
640 0.9158557573436182
650 0.9021534669999095
660 0.8873473797350693
670 0.8714348294576842
680 0.8544495243709233
690 0.8364471234985235
700 0.8175050903045931
710 0.7977198837316153
720 0.7772020905850783
730 0.756085875754472
740 0.7345189200877204
750 0.7126670026313353
760 0.6907060952408725
770 0.6688178727448614
780 0.647187512322493
