380 4.7811513470687356e-05
390 3.9950587233221965e-05
400 3.96889342950861e-05
410 4.6182280155045924e-05
420 5.0062115882746754e-05
430 6.1323156941013e-05
440 5.845211475103865e-05
450 7.725087610976959e-05
460 0.00010247375466702453
470 0.0001277029975173544
480 0.00020527829020132676
490 0.0003569358551888138
500 0.0005408204357774608
510 0.0006312777476129124
520 0.0007386953717603053
530 0.0009254120251171295
540 0.001185841162575757
550 0.0014351191990584905
560 0.0015250563294540718
570 0.0015210126510890383
580 0.0015378174957690754
590 0.0016872808886027836
600 0.001798087146350615
610 0.0018232579833286136
620 0.0019771490629566374
630 0.0019919037765004904
640 0.002086651635066477
650 0.0019374708659926322
660 0.0018084893641148912
670 0.0017110644882706429
680 0.0016801365174553677
690 0.0016863230318217843
700 0.0015455219960589465
710 0.0013812204821444295
720 0.0012203432615372214
730 0.0011499543980274748
740 0.001091353896344686
750 0.0009762937783388007
760 0.0008240650546052092
770 0.0006755837488263653
780 0.0005761777477116688
