380 2.6407567169671346e-05
390 2.3532276401630856e-05
400 2.3160878083240157e-05
410 2.6328096201403183e-05
420 2.718617591430501e-05
430 2.978055953499629e-05
440 2.502934349904887e-05
450 3.1584510616427316e-05
460 4.409705445514364e-05
470 5.923330021339727e-05
480 0.00010008490240026213
490 0.00017801350985519572
500 0.0002723156785151084
510 0.00031931590471834904
520 0.0003722010402334467
530 0.0004534840854430442
540 0.0005450500574757928
550 0.0005995386736228152
560 0.0005720809691204986
570 0.0005181142686884299
580 0.0004899772325279045
590 0.0005230029396111835
600 0.0005653119520290257
610 0.0006035607380669232
620 0.0007081667056503813
630 0.0007818932498027483
640 0.0008961059783296291
650 0.0008987349247584444
660 0.0008891782952822933
670 0.0008727519597639426
680 0.0008700663375579474
690 0.0008688737369379588
700 0.0007781405570757335
710 0.0006692273139436355
720 0.0005623836200321619
730 0.0005003446467326337
740 0.00044731297625409775
750 0.00037844370755301673
760 0.00030530236787000293
770 0.00024328619003946173
780 0.00020603075354351326
