380 3.329128753177861e-05
390 3.050460305239419e-05
400 3.12326435486263e-05
410 3.5462551653209326e-05
420 3.853108733841737e-05
430 4.919487014924034e-05
440 4.6239802043018096e-05
450 5.7630695596276165e-05
460 7.553687326339663e-05
470 9.78885663219663e-05
480 0.00016312511934286604
490 0.0002916834385460146
500 0.0004579860109673697
510 0.0005525120941725388
520 0.0006497139690215165
530 0.0007867430786748594
540 0.0009519192092517406
550 0.0010939680022149121
560 0.0011356846410341462
570 0.0011446920502083708
580 0.0011983758853406584
590 0.0013736609516681929
600 0.0015239958380633067
610 0.001593532564733978
620 0.0017637408611267647
630 0.001798975427108633
640 0.001898095887708933
650 0.001770280617512007
660 0.0016573086837019463
670 0.0015698176040427323
680 0.0015382735949739425
690 0.001533580191763983
700 0.0013885557767470017
710 0.0012199093740864256
720 0.001056070888155133
730 0.0009742369132461767
740 0.0009068194346926531
750 0.0007989652502633371
760 0.000668189647729631
770 0.0005465344153655331
780 0.00046830332621098736
