380 [4.15946445e-06 8.00630514e-06]
390 [1.25064525e-06 6.77409810e-06]
400 [2.99350097e-06 7.89708011e-06]
410 [9.71283148e-06 9.49102518e-06]
420 [1.36290855e-05 1.04715138e-05]
430 [1.55419321e-05 1.31361055e-05]
440 [1.30310295e-05 1.21388796e-05]
450 [1.88517806e-05 1.61138403e-05]
460 [3.19023121e-05 2.33722926e-05]
470 [4.65384966e-05 3.13023152e-05]
480 [7.60765764e-05 4.93104582e-05]
490 [1.28351900e-04 7.99231982e-05]
500 [0.00020191 0.0001156 ]
510 [0.00026978 0.00013465]
520 [0.00037255 0.00015949]
530 [0.00052515 0.00019739]
540 [0.0007011  0.00023981]
550 [0.00082785 0.00026761]
560 [0.00082625 0.00026334]
570 [0.00076425 0.00025196]
580 [0.00071694 0.00025664]
590 [0.00073082 0.00029598]
600 [0.00072129 0.00034003]
610 [0.00067271 0.00037433]
620 [0.0006652  0.00043784]
630 [0.00060613 0.00046887]
640 [0.00057164 0.00051301]
650 [0.00047876 0.00048957]
660 [0.00040725 0.00046421]
670 [0.00035775 0.00044336]
680 [0.00033396 0.00043891]
690 [0.00032626 0.00044518]
700 [0.00029679 0.0004142 ]
710 [0.00026689 0.0003779 ]
720 [0.00023909 0.00034283]
730 [0.00022915 0.00033347]
740 [0.00022125 0.00032815]
750 [0.00020102 0.0003054 ]
760 [0.00017194 0.00026877]
770 [0.0001425  0.00022994]
780 [0.00012258 0.00020464]
