380 9.022309379260196e-06
390 6.888578854815211e-06
400 8.445408355905427e-06
410 1.3580083001173121e-05
420 1.718733756078562e-05
430 2.0349666364400834e-05
440 1.7808990090748963e-05
450 2.4800110527939038e-05
460 3.9547712720646816e-05
470 5.608624251160598e-05
480 9.065962033073834e-05
490 0.0001512016133362166
500 0.00023266141889259734
510 0.0003015123696841399
520 0.00040525357756754295
530 0.0005610241197724836
540 0.0007409750788395261
550 0.0008700318459596483
560 0.0008672014519322252
570 0.0008047134046545642
580 0.000761491368361642
590 0.0007884834449162569
600 0.0007974218492590088
610 0.0007698469890175993
620 0.0007963582952511097
630 0.0007663103241588236
640 0.0007680777270726973
650 0.0006847548357352695
660 0.0006175256754626435
670 0.0005696946839429034
680 0.0005515176653701963
690 0.0005519324954975031
700 0.0005095581671350968
710 0.0004626427908085168
720 0.0004179648839630876
730 0.0004046100211342791
740 0.00039576721699058923
750 0.000365624232184053
760 0.0003190628804821143
770 0.0002705161617540167
780 0.00023854420071178314
