380 1.3360984423711445e-05
390 8.692353901084666e-06
400 8.416548664798531e-06
410 1.0470234181942079e-05
420 1.077996565143798e-05
430 1.001102033339794e-05
440 7.427885803107965e-06
450 1.4378919724993337e-05
460 3.202928687239146e-05
470 5.283701174735819e-05
480 9.021257767981228e-05
490 0.000146293088983495
500 0.00019027690561248164
510 0.00017664690574298994
520 0.000153633982284397
530 0.00013772813735605513
540 0.00012458759884888528
550 0.00010347653415206416
560 6.978338261336609e-05
570 4.098047701935744e-05
580 3.670771661584716e-05
590 5.6482039753421027e-05
600 7.867272322237597e-05
610 9.255985921864782e-05
620 0.00010489375065744987
630 0.0001002271368110169
640 9.271180398705898e-05
650 7.748802507446396e-05
660 7.472711760857122e-05
670 8.08559588292885e-05
680 8.994066342027447e-05
690 9.677154477431736e-05
700 8.960239613340906e-05
710 7.69063735202029e-05
720 6.281480337097868e-05
730 5.349047917524415e-05
740 4.570166473089981e-05
750 3.761488859383411e-05
760 3.05938104406012e-05
770 2.575588120828159e-05
780 2.4025098615944205e-05
