380 6.762489113378932e-06
390 9.90312796823752e-06
400 1.1080300461043899e-05
410 8.80576358606456e-06
420 7.3851180235827905e-06
430 7.448438422784796e-06
440 4.22918123845462e-06
450 3.514851432572686e-06
460 6.633509751041755e-06
470 1.045684179355794e-05
480 1.6850597380087095e-05
490 2.8950796590666374e-05
500 4.3222036573584615e-05
510 3.89296674183722e-05
520 1.2468462125701037e-05
530 4.026678068659039e-05
540 0.00011371526682703905
550 0.00018293516543945286
560 0.00021149220029798715
570 0.00020859776553183913
580 0.000202708056016379
590 0.00021997501397619856
600 0.0002488298683918678
610 0.000289963822450611
620 0.0003805002710949042
630 0.0004681464230732894
640 0.0005873457653943601
650 0.000634170915416484
660 0.0006695596716382961
670 0.0007009540747074797
680 0.0007494093411950315
690 0.0008098049616855995
700 0.000792858429644064
710 0.0007526779951549378
720 0.0007035737156827358
730 0.0006994752852942641
740 0.0006990385956926859
750 0.0006578198861112822
760 0.0005838276812048188
770 0.0005032816561054182
780 0.0004513622004564955
