380 [5.87077105e-06 8.74790960e-06]
390 [4.76583647e-06 4.31403222e-06]
400 [3.53327484e-06 8.38624346e-07]
410 [ 2.12549804e-06 -8.33807912e-07]
420 [ 8.56138197e-07 -2.03037374e-06]
430 [-2.65711604e-06 -3.58826041e-06]
440 [-6.31160084e-06 -3.15612366e-06]
450 [-1.12145252e-05 -3.49417611e-06]
460 [-1.63766819e-05 -5.10965248e-06]
470 [-1.81274308e-05 -7.35695486e-06]
480 [-2.00352474e-05 -1.06648736e-05]
490 [-1.86235146e-05 -1.29061034e-05]
500 [-1.19776506e-05 -1.18982747e-05]
510 [-7.09715616e-06 -1.10448146e-05]
520 [-1.41656349e-05 -1.95508917e-05]
530 [-4.15621446e-05 -4.46662581e-05]
540 [-9.96315209e-05 -9.18204754e-05]
550 [-0.0001842  -0.00015331]
560 [-0.00026184 -0.00020142]
570 [-0.00032088 -0.00023102]
580 [-0.00037477 -0.00025525]
590 [-0.00045192 -0.00029448]
600 [-0.00050924 -0.00032094]
610 [-0.0005323  -0.00032757]
620 [-0.00058738 -0.0003553 ]
630 [-0.00059969 -0.00035723]
640 [-0.00063701 -0.00037183]
650 [-0.00060141 -0.00033996]
660 [-0.00057293 -0.00030839]
670 [-0.00055541 -0.00027932]
680 [-0.00056084 -0.00025862]
690 [-0.00058061 -0.00024152]
700 [-0.00055002 -0.00020379]
710 [-0.00050858 -0.0001665 ]
720 [-0.0004649  -0.00013416]
730 [-0.00045287 -0.00011559]
740 [-0.00044366 -0.00010108]
750 [-4.08994194e-04 -8.42981333e-05]
760 [-3.55124246e-04 -6.73007366e-05]
770 [-2.98977882e-04 -5.29866089e-05]
780 [-2.61504785e-04 -4.39643699e-05]
