380 1.0535268159986575e-05
390 6.428380142620274e-06
400 3.631435234719598e-06
410 2.283194596668004e-06
420 2.203494981517417e-06
430 4.464961188498713e-06
440 7.056728823906588e-06
450 1.1746269333645073e-05
460 1.715529828873938e-05
470 1.9563448877008316e-05
480 2.2696930833184926e-05
490 2.2658393578568972e-05
500 1.6882921976857397e-05
510 1.3128501603064293e-05
520 2.4143375430761653e-05
530 6.101218300675208e-05
540 0.0001354896293164213
550 0.0002396542797357944
560 0.0003303480756933065
570 0.0003953882173021423
580 0.0004534421588910734
590 0.0005393956042189433
600 0.000601936881915667
610 0.0006250135794013486
620 0.0006864775872107584
630 0.0006980265619613223
640 0.000737590372184419
650 0.0006908425359340137
660 0.0006506554847649622
670 0.0006216933511529102
680 0.0006175962488414814
690 0.0006288452819085913
700 0.000586559481927459
710 0.0005351400937611267
720 0.0004838699619159824
730 0.0004673866489565551
740 0.0004550239724332697
750 0.0004175912185342349
760 0.0003614451815118392
770 0.0003036368800209108
780 0.0002651746943369634
