380 [-4.72959987e-06  1.08031337e-05]
385 [-4.26492762e-06  8.24914060e-06]
390 [-5.36889442e-06  6.79830744e-06]
395 [-6.69106289e-06  6.40473599e-06]
400 [-8.48885080e-06  6.77432116e-06]
405 [-7.93266189e-06  5.97776696e-06]
410 [-3.14786054e-06  4.00196155e-06]
415 [4.38820607e-06 2.45995023e-06]
420 [1.15258427e-05 2.89713069e-06]
425 [1.65411894e-05 3.38446233e-06]
430 [1.84955105e-05 2.11166424e-06]
435 [1.41967405e-05 2.61081030e-06]
440 [5.88235370e-06 3.87330773e-06]
445 [-5.98772195e-06  2.77727751e-06]
450 [-2.08343301e-05 -5.03978261e-07]
455 [-3.16365057e-05 -5.20253283e-06]
460 [-3.86971461e-05 -8.98619945e-06]
465 [-4.4829371e-05 -1.1228876e-05]
470 [-4.71765806e-05 -1.21976697e-05]
475 [-5.64771705e-05 -1.34153998e-05]
480 [-7.69632857e-05 -1.19878887e-05]
485 [-1.08347151e-04 -5.27353537e-06]
490 [-1.57481239e-04  7.39664624e-06]
495 [-2.42765547e-04  2.46976340e-05]
500 [-3.41419206e-04  3.24829749e-05]
505 [-4.31738270e-04  2.03843723e-05]
510 [-5.48701812e-04 -5.13661364e-06]
515 [-6.89027886e-04 -4.34613879e-05]
520 [-8.73478813e-04 -8.94247325e-05]
525 [-0.00106804 -0.00014279]
530 [-0.00123426 -0.00020007]
535 [-0.00139707 -0.00025265]
540 [-0.00165019 -0.00030457]
545 [-0.00196188 -0.0003514 ]
550 [-0.00216788 -0.00037334]
555 [-0.00231396 -0.00038247]
560 [-0.00237277 -0.00037465]
565 [-0.00239409 -0.0003722 ]
570 [-0.00241788 -0.00039597]
575 [-0.00246297 -0.00043925]
580 [-0.00252036 -0.00047524]
585 [-0.00262056 -0.00049594]
590 [-0.00279436 -0.00051083]
595 [-0.00289767 -0.00051135]
600 [-0.0029817 -0.00052  ]
605 [-0.00299343 -0.000523  ]
610 [-0.00303334 -0.00052619]
615 [-0.00316995 -0.00053147]
620 [-0.00335919 -0.00053108]
625 [-0.00348143 -0.00051795]
630 [-0.00350543 -0.00050351]
635 [-0.00376617 -0.00054828]
640 [-0.00399606 -0.00061715]
645 [-0.00406252 -0.0006748 ]
650 [-0.00408364 -0.00072073]
655 [-0.00410211 -0.00075568]
660 [-0.00407078 -0.00076896]
665 [-0.00408904 -0.00077394]
670 [-0.00413053 -0.0007583 ]
675 [-0.00424123 -0.00072659]
680 [-0.00444329 -0.00068747]
685 [-0.00477927 -0.00066289]
690 [-0.00476117 -0.0006122 ]
695 [-0.00464453 -0.00059196]
700 [-0.00448334 -0.00060621]
705 [-0.00429819 -0.00064309]
710 [-0.00408703 -0.00068732]
715 [-0.00390414 -0.00073894]
720 [-0.00372425 -0.00079082]
725 [-0.00359877 -0.00085293]
730 [-0.00365161 -0.00095894]
735 [-0.00364681 -0.00105073]
740 [-0.00360534 -0.00112593]
745 [-0.00350572 -0.00116865]
750 [-0.00334971 -0.00117024]
755 [-0.00316749 -0.00113567]
760 [-0.0029646  -0.00106823]
765 [-0.00278597 -0.00099051]
770 [-0.00258968 -0.00089667]
775 [-0.00255492 -0.0008567 ]
780 [-0.00236905 -0.00077129]
