380 0.5465812427442142
390 0.4379612826095102
400 0.478329316923615
410 2.62670190013246
420 2.7050946641467264
430 2.293521318646174
440 1.6298532285687832
450 1.4694292453094808
460 1.1956934925398561
470 0.8815880865331753
480 0.6053861808054449
490 0.4272045534404463
500 0.5662845214321782
510 2.2178251127846393
520 3.562933271837449
530 5.270000334810002
540 5.937392741253388
550 5.485828515266314
560 4.784975770228864
570 4.186046267708371
580 3.7256993144813464
590 3.395749085455116
600 3.18895366638406
610 3.097830951303963
620 3.142216499521526
630 3.363176693486974
640 3.8430611557676295
650 4.705397987541183
660 5.969872400732175
670 7.1731665643911775
680 6.9531470168553895
690 5.400859164852056
700 3.86084566760812
710 2.7722860066742268
720 2.074369629823708
730 1.622444818217643
740 1.3140660922987362
750 1.0963838584877863
760 0.9360493299144317
770 0.8153349556507123
780 0.7179714096774971
