380 [ 6.88891776e-06 -3.11179012e-06]
390 [ 6.93584304e-06 -3.92964774e-06]
400 [ 5.14472845e-06 -3.95723251e-06]
410 [ 7.13227162e-07 -3.63527498e-06]
420 [-4.69020574e-06 -4.77742776e-06]
430 [-1.12817824e-05 -6.00520516e-06]
440 [-1.07520405e-05 -2.39670867e-06]
450 [-8.72360173e-06  2.60850980e-06]
460 [-2.52970827e-06  8.78256955e-06]
470 [4.27127255e-06 1.39406438e-05]
480 [5.03097188e-06 2.24499148e-05]
490 [-1.27308467e-05  3.51604139e-05]
500 [-5.71105673e-05  4.78561458e-05]
510 [-9.69391556e-05  5.32072893e-05]
520 [-1.22699019e-04  6.21266040e-05]
530 [-1.37290604e-04  7.65804288e-05]
540 [-1.37980307e-04  9.14169929e-05]
550 [-1.21110688e-04  9.74152419e-05]
560 [-8.93762690e-05  8.72416083e-05]
570 [-5.98686681e-05  7.04819777e-05]
580 [-3.85564865e-05  5.52297240e-05]
590 [-2.30351408e-05  4.48882245e-05]
600 [-5.45636450e-06  3.43582866e-05]
610 [1.50345838e-05 2.54448900e-05]
620 [4.13255485e-05 2.26794857e-05]
630 [6.97104742e-05 2.34663402e-05]
640 [1.05270592e-04 3.11607274e-05]
650 [1.29907302e-04 4.04425504e-05]
660 [1.52987494e-04 5.33719753e-05]
670 [1.76273256e-04 6.98025375e-05]
680 [2.05160994e-04 9.16890740e-05]
690 [0.00023857 0.00011907]
700 [0.00024802 0.00013683]
710 [0.00024626 0.00014909]
720 [0.00023681 0.00015672]
730 [0.00023812 0.0001721 ]
740 [0.00023678 0.00018715]
750 [0.00021822 0.0001892 ]
760 [0.00018704 0.00017853]
770 [0.00015385 0.00016228]
780 [0.00013037 0.0001525 ]
