380 [-6.64941455e-05 -3.29627145e-05]
390 [-5.71292719e-05 -2.69317682e-05]
400 [-5.80498228e-05 -2.53424534e-05]
410 [-6.68211839e-05 -2.59784250e-05]
420 [-7.41919588e-05 -2.66180541e-05]
430 [-9.16835013e-05 -3.33616803e-05]
440 [-8.22852508e-05 -3.15381747e-05]
450 [-1.02209280e-04 -3.98516211e-05]
460 [-1.32592379e-04 -5.03439970e-05]
470 [-1.60233868e-04 -5.70510308e-05]
480 [-2.44453396e-04 -7.90568560e-05]
490 [-0.00041238 -0.00011821]
500 [-0.00063428 -0.00015977]
510 [-0.00076839 -0.00017355]
520 [-0.00092209 -0.00019627]
530 [-0.00115502 -0.00024466]
540 [-0.00145737 -0.00031558]
550 [-0.00173934 -0.00038338]
560 [-0.00184471 -0.00040718]
570 [-0.00186121 -0.00040607]
580 [-0.00192231 -0.00041228]
590 [-0.00216581 -0.00045634]
600 [-0.00237482 -0.00049156]
610 [-0.00247739 -0.00050298]
620 [-0.00275777 -0.00054776]
630 [-0.00284022 -0.00055045]
640 [-0.0030248  -0.00057086]
650 [-0.00283943 -0.00052135]
660 [-0.00266801 -0.00047686]
670 [-0.00253493 -0.00044206]
680 [-0.00249867 -0.00042687]
690 [-0.00252103 -0.00042432]
700 [-0.00232913 -0.00038884]
710 [-0.00210645 -0.00035132]
720 [-0.00189223 -0.00031746]
730 [-0.00182231 -0.00030942]
740 [-0.00177689 -0.00030687]
750 [-0.00164151 -0.00028939]
760 [-0.00143737 -0.00025929]
770 [-0.00122707 -0.00022678]
780 [-0.00109299 -0.00020701]
