380 [-3.79014505e-05 -4.58173723e-06]
390 [-3.25543061e-05 -1.96104235e-06]
400 [-3.20214673e-05 -1.16893992e-06]
410 [-3.52642015e-05 -2.64685069e-06]
420 [-3.85887802e-05 -4.48847795e-06]
430 [-4.80613726e-05 -6.60937879e-06]
440 [-4.41018325e-05 -6.80271228e-06]
450 [-5.76194828e-05 -9.99511102e-06]
460 [-8.01445458e-05 -1.40346320e-05]
470 [-1.02299224e-04 -1.62205990e-05]
480 [-1.56761938e-04 -2.14101184e-05]
490 [-2.50843273e-04 -2.91604434e-05]
500 [-3.51120149e-04 -3.64834970e-05]
510 [-3.78745995e-04 -4.09357604e-05]
520 [-4.04325067e-04 -5.42617028e-05]
530 [-4.58146463e-04 -8.15026186e-05]
540 [-0.00053336 -0.00012062]
550 [-0.00059573 -0.00015934]
560 [-0.0005996  -0.00017844]
570 [-0.00058537 -0.00018525]
580 [-0.00059929 -0.00019461]
590 [-0.00068506 -0.00022188]
600 [-0.00077431 -0.00024537]
610 [-0.00083676 -0.00025712]
620 [-0.00096155 -0.00028606]
630 [-0.00101619 -0.00029305]
640 [-0.0011074  -0.00030981]
650 [-0.00106691 -0.00028947]
660 [-0.00103735 -0.00027294]
670 [-0.00103078 -0.00026354]
680 [-0.0010729  -0.00026775]
690 [-0.00115026 -0.00028191]
700 [-0.00113144 -0.00027397]
710 [-0.00108703 -0.00026131]
720 [-0.00103179 -0.00024703]
730 [-0.00104232 -0.00024903]
740 [-0.00105746 -0.00025245]
750 [-0.0010082  -0.00024081]
760 [-0.00090433 -0.00021647]
770 [-0.00078569 -0.00018893]
780 [-0.00070827 -0.00017164]
