380 [-2.08546609e-15 -1.63706505e-14]
385 [-8.37040072e-15 -2.83426138e-14]
390 [-1.65449111e-14  1.60190357e-14]
395 [ 1.11007196e-14 -2.23119602e-15]
400 [-4.48473516e-15 -1.45930575e-14]
405 [-1.41320802e-14  1.06883734e-14]
410 [5.05119286e-15 8.70479011e-15]
415 [8.22870127e-15 3.47184150e-15]
420 [-6.04092670e-19  5.79900517e-19]
425 [-1.82502188e-17  6.90095709e-18]
430 [-1.09675093e-16 -8.17274542e-18]
435 [ 1.23159931e-15 -3.72659053e-16]
440 [ 2.12250525e-15 -2.62837618e-16]
445 [-1.00462316e-14  4.13296542e-15]
450 [-1.79301027e-14 -1.46860897e-14]
455 [-1.37211540e-14 -1.14092559e-15]
460 [ 1.95690359e-14 -4.16837918e-15]
465 [1.45896241e-14 1.23576588e-15]
470 [-5.53958407e-14 -5.16481475e-14]
475 [-4.14193352e-13  2.06360227e-13]
480 [1.64832951e-13 3.19861356e-13]
485 [-3.06564220e-14  9.71353238e-14]
490 [-3.69251231e-14  2.10705149e-14]
495 [ 6.59932017e-14 -2.14548871e-13]
500 [ 3.43787053e-14 -9.42690925e-15]
505 [ 1.00242972e-15 -1.98201719e-15]
510 [ 4.03074197e-14 -4.84870889e-14]
515 [ 1.36162475e-13 -1.52274766e-13]
520 [-5.41960829e-14  3.23623309e-14]
525 [ 3.59993986e-12 -4.31487876e-12]
530 [1.51553180e-14 2.46583804e-13]
535 [-1.18595462e-12  2.46013827e-12]
540 [ 4.03665089e-13 -2.08309654e-13]
545 [ 3.16163289e-13 -2.26196035e-13]
550 [ 1.63240311e-13 -2.56750143e-14]
555 [-4.87063959e-13  4.11749231e-13]
560 [ 2.66154484e-12 -2.53309936e-12]
565 [ 3.75077356e-12 -3.07923550e-12]
570 [-1.59830541e-14  1.05901533e-14]
575 [ 5.75883993e-12 -4.16010096e-12]
580 [ 7.28641392e-13 -3.50334463e-13]
585 [-2.35170463e-15  2.86061050e-15]
590 [-5.97406274e-16  3.14676009e-16]
595 [ 2.45741588e-17 -4.13762103e-18]
600 [ 2.85992365e-18 -2.43788631e-18]
605 [-1.77950805e-17 -1.23301107e-18]
610 [1.31344642e-17 9.48342740e-19]
615 [2.59511591e-17 4.40242877e-19]
620 [ 7.30869378e-18 -5.87542186e-19]
625 [2.12693581e-16 1.91025688e-17]
630 [-8.16667088e-17 -1.65190382e-17]
635 [4.74853250e-16 1.05267699e-16]
640 [-1.00817605e-15 -1.52676561e-16]
645 [1.80598883e-16 1.37825811e-16]
650 [-2.21792376e-15 -9.02878560e-16]
655 [-4.99226155e-15 -1.12635313e-15]
660 [-2.02045132e-14 -4.05230328e-15]
665 [-4.03891129e-14 -1.46655958e-14]
670 [-4.36867108e-14 -7.89393214e-15]
675 [-4.73455065e-14 -1.16836123e-14]
680 [-1.05421235e-13 -2.26759474e-14]
685 [7.03791197e-14 2.93177924e-14]
690 [ 5.69018884e-16 -7.79603934e-16]
695 [-6.62294764e-15 -1.60463564e-15]
700 [1.78777005e-15 1.06273969e-16]
705 [-5.15633643e-16 -1.82369784e-16]
710 [ 1.05923098e-17 -5.02572001e-17]
715 [9.17294031e-17 4.98335077e-17]
720 [ 4.85127790e-17 -1.11583364e-17]
725 [4.78772404e-17 8.37454496e-19]
730 [ 6.01643198e-17 -6.62019364e-20]
735 [5.04193948e-17 1.25121660e-18]
740 [4.72417018e-17 1.86689461e-18]
745 [3.72849306e-17 2.25417594e-18]
750 [3.64375458e-17 7.58012172e-19]
755 [1.42572490e-16 2.04894993e-18]
760 [6.45071669e-17 1.69476957e-18]
765 [7.52053998e-18 1.12212282e-18]
770 [ 5.56096266e-17 -9.73168466e-19]
775 [3.49546224e-17 1.95957732e-18]
780 [-2.62689284e-17  2.11515187e-18]
