380 0.3848907780083906
390 0.3281925936991652
400 0.3722657412502921
410 1.8532196041530098
420 2.066009496832672
430 1.350618064447441
440 0.8471815120697744
450 0.8285065013138165
460 0.7960014388488609
470 0.8477732544450904
480 0.725887948544049
490 0.611038394675246
500 0.7312190496561755
510 1.552678570340745
520 2.274214200752247
530 3.3347601092337418
540 3.814383221116611
550 4.1217716138097025
560 4.295113403918798
570 4.197226750708883
580 4.300468617483651
590 4.481002342530173
600 4.388448626479338
610 4.2291310616846305
620 4.059464072162708
630 3.877342491621348
640 3.654025274377111
650 3.4196821696581265
660 3.2031473973143725
670 2.9501497365105607
680 2.6733948852430793
690 2.3644624547631192
700 2.3407322218612783
710 2.507780375147532
720 2.688993379407745
730 2.822419636617728
740 2.8984326349741556
750 2.9028405824274626
760 2.862603148302379
770 2.8007743895269552
780 2.7050745206633624
