380 [-1.16436118e-05 -3.70211593e-06]
385 [-1.06876750e-05 -3.25375201e-06]
390 [-1.08705126e-05 -3.64116970e-06]
395 [-1.13345079e-05 -3.61591836e-06]
400 [-1.16725890e-05 -4.13079077e-06]
405 [-1.33709327e-05 -4.17183815e-06]
410 [-1.44161293e-05 -3.95411685e-06]
415 [-1.67578136e-05 -3.28606111e-06]
420 [-2.00774101e-05 -3.77514502e-06]
425 [-2.28158612e-05 -5.14059109e-06]
430 [-2.42721439e-05 -6.02923002e-06]
435 [-2.34137333e-05 -5.81447627e-06]
440 [-2.40762455e-05 -5.75897882e-06]
445 [-2.58787647e-05 -5.69759530e-06]
450 [-3.07828278e-05 -6.57851845e-06]
455 [-3.45422794e-05 -8.83507796e-06]
460 [-3.81298012e-05 -1.18128532e-05]
465 [-4.42076738e-05 -1.54300237e-05]
470 [-5.28419521e-05 -1.92361075e-05]
475 [-7.00666241e-05 -2.44705470e-05]
480 [-9.62643069e-05 -3.15795498e-05]
485 [-1.39776719e-04 -4.31046976e-05]
490 [-2.01898526e-04 -5.94423090e-05]
495 [-2.90913174e-04 -8.21228703e-05]
500 [-0.00038268 -0.00010567]
505 [-0.00044362 -0.00012364]
510 [-0.00051052 -0.00014515]
515 [-0.00058656 -0.00016668]
520 [-0.00068576 -0.00018865]
525 [-0.00080128 -0.00021714]
530 [-0.00092522 -0.00025228]
535 [-0.0010715  -0.00029518]
540 [-0.00128299 -0.00035568]
545 [-0.00151286 -0.00041751]
550 [-0.00164784 -0.00044662]
555 [-0.00173395 -0.00045704]
560 [-0.0017547  -0.00045096]
565 [-0.00174818 -0.00044545]
570 [-0.00174517 -0.00044992]
575 [-0.00177483 -0.00046481]
580 [-0.00185301 -0.00048785]
585 [-0.00200589 -0.00052921]
590 [-0.0022512  -0.00059221]
595 [-0.00246939 -0.00064554]
600 [-0.00267941 -0.00069694]
605 [-0.00280376 -0.00072826]
610 [-0.00291994 -0.00076073]
615 [-0.00310564 -0.00081466]
620 [-0.00333984 -0.00088415]
625 [-0.00350451 -0.00093882]
630 [-0.00353627 -0.00096235]
635 [-0.00375524 -0.00103591]
640 [-0.00390156 -0.00108477]
645 [-0.00388906 -0.0010847 ]
650 [-0.00385766 -0.0010819 ]
655 [-0.00384369 -0.0010935 ]
660 [-0.00378184 -0.00110067]
665 [-0.00373384 -0.00111636]
670 [-0.00365875 -0.00112191]
675 [-0.00360327 -0.00112639]
680 [-0.0036047  -0.00114153]
685 [-0.00372637 -0.0011898 ]
690 [-0.00362833 -0.00116372]
695 [-0.00353054 -0.00113471]
700 [-0.00345754 -0.00111278]
705 [-0.00340158 -0.00109662]
710 [-0.0033386  -0.00107917]
715 [-0.00328971 -0.00106838]
720 [-0.00321646 -0.00105255]
725 [-0.00315605 -0.00104336]
730 [-0.00322258 -0.00107747]
735 [-0.0032166  -0.00108713]
740 [-0.0031648  -0.00107976]
745 [-0.0030534  -0.00105042]
750 [-0.00288661 -0.00100079]
755 [-0.00269222 -0.00094058]
760 [-0.00247805 -0.00087213]
765 [-0.0022847  -0.00080898]
770 [-0.00208061 -0.00073927]
775 [-0.00201172 -0.00071445]
780 [-0.00183381 -0.00064773]
