380 0.3322122273280904
390 0.2848785415017064
400 0.3518893452585233
410 1.75896146325845
420 1.8462118840473158
430 1.315954300953368
440 0.8538974284249652
450 0.7204852675844848
460 0.5932748117555494
470 0.5843955591312041
480 0.5218493372989094
490 0.5091471718001185
500 0.7549454553217546
510 1.502461852400397
520 2.25294338456961
530 3.247247028212703
540 3.0277759423831663
550 3.0919701054658306
560 3.2214157311654184
570 3.3657318634200895
580 3.4981705299370724
590 3.7361689115474968
600 3.680635676137889
610 3.497132084643402
620 3.9131714535327755
630 3.8991982421554705
640 4.30434576569064
650 4.011456171680278
660 3.610851367922662
670 3.5097015394562314
680 3.266753437605375
690 3.1561909436762474
700 3.6157459656892104
710 3.9137047292659886
720 3.6500076251650486
730 3.1645306717692825
740 2.72631063869012
750 2.39854340544865
760 2.152034032821171
770 1.9542379531053262
780 1.7745996118275686
