380 [1.98346623e-06 1.36747071e-05]
390 [5.19083619e-06 1.01678273e-05]
400 [7.04395370e-06 1.04647603e-05]
410 [8.21817600e-06 1.35997311e-05]
420 [6.25011762e-06 1.48491907e-05]
430 [3.30247583e-06 1.61465854e-05]
440 [-3.61578549e-07  1.39649274e-05]
450 [-6.58232688e-06  1.93383455e-05]
460 [-1.62279347e-05  2.94209559e-05]
470 [-2.15426641e-05  4.00498913e-05]
480 [-2.28381660e-05  6.40265447e-05]
490 [-1.54987727e-05  1.05622761e-04]
500 [-3.82737261e-06  1.50736297e-04]
510 [-6.11704941e-06  1.64448672e-04]
520 [-3.17249708e-05  1.75036530e-04]
530 [-8.33146653e-05  1.90908949e-04]
540 [-0.00015695  0.00020396]
550 [-0.00022824  0.00020137]
560 [-0.00025762  0.00017583]
570 [-0.00025242  0.00014694]
580 [-0.00023876  0.00012443]
590 [-0.00023912  0.00010841]
600 [-2.32364424e-04  7.89621427e-05]
610 [-2.18583167e-04  3.50086272e-05]
620 [-2.2333323e-04 -1.7584097e-05]
630 [-2.09918807e-04 -7.64157103e-05]
640 [-0.00019446 -0.00013973]
650 [-0.00014264 -0.00018012]
660 [-8.36757724e-05 -2.09174712e-04]
670 [-2.23671087e-05 -2.31812726e-04]
680 [ 3.76841823e-05 -2.58246963e-04]
690 [ 9.51652290e-05 -2.90082379e-04]
700 [ 0.00013262 -0.0002967 ]
710 [ 0.00014992 -0.00029652]
720 [ 0.00015114 -0.00029372]
730 [ 0.00015159 -0.00031051]
740 [ 0.00014522 -0.00032996]
750 [ 0.00012523 -0.0003291 ]
760 [ 9.73655933e-05 -3.07889100e-04]
770 [ 6.97729796e-05 -2.77847332e-04]
780 [ 4.83732648e-05 -2.58932038e-04]
