380 0.33527451489081866
390 0.29452343670710973
400 0.34979937641007375
410 1.7442393013100252
420 1.848293889844405
430 1.2928790145795794
440 0.7745902938057344
450 0.7514782656510862
460 0.6083130342439305
470 0.5822428998905613
480 0.504839186349536
490 0.4881090034215513
500 0.78670417122551
510 1.5727900649770565
520 1.9302794789714735
530 2.8782163138584917
540 3.241872373044708
550 3.281949188254841
560 3.2377432953430394
570 3.21911528795665
580 3.380702518239978
590 3.1559893216150647
600 3.3554342704276032
610 3.4338899159353145
620 3.579987985986814
630 3.6735383568202185
640 3.7222859348141233
650 3.7066076477411674
660 3.7213931381899155
670 3.7187998642382425
680 3.3068226043651094
690 3.072884995547519
700 2.9130271352605996
710 2.6245050217843344
720 2.536755304607292
730 2.536829063825106
740 2.548145777280378
750 2.5146677238180843
760 2.4368994313147088
770 2.3438028786549463
780 2.2424155301655424
