380 0.31909543993179595
390 0.28360458087398555
400 0.34117118953873443
410 1.73720167803055
420 1.8286733175863192
430 1.2736711167227286
440 0.7991695570320206
450 0.7302952137031855
460 0.5954220186612571
470 0.5365611271353014
480 0.5183748537140693
490 0.5021100134190407
500 0.8023027033161224
510 1.565260020478704
520 1.7992997694048853
530 2.5849950701470226
540 2.929462997064165
550 3.222475872784453
560 3.400016459501647
570 3.5045489534493637
580 3.21819366373471
590 3.31556746404829
600 3.4274911720680197
610 3.267393263178815
620 3.5189755983887183
630 3.6827882836781436
640 3.7524172995428713
650 3.4303633178351247
660 3.46499676275273
670 3.395611570156947
680 3.2093387409538088
690 2.9299300065598075
700 2.9842895003780794
710 3.077886027919338
720 2.891882836295487
730 2.6889685010608755
740 2.592832970688733
750 2.4658573967257564
760 2.3078059255012153
770 2.1487605718617346
780 1.9898133363767672
