380 [-2.86218572e-05  6.69941959e-07]
390 [-2.43646880e-05 -8.71918749e-07]
400 [-2.74001517e-05 -8.73664520e-07]
410 [-3.43050519e-05  6.22456183e-07]
420 [-3.67831454e-05  2.23822962e-06]
430 [-4.50591843e-05  5.12381146e-06]
440 [-4.32818898e-05  5.88000513e-06]
450 [-5.48240294e-05  6.97782747e-06]
460 [-6.47269891e-05  8.45146158e-06]
470 [-6.76859112e-05  1.07609401e-05]
480 [-8.90706523e-05  1.80389393e-05]
490 [-1.32883858e-04  3.13911105e-05]
500 [-1.94349043e-04  4.36327482e-05]
510 [-2.45714804e-04  3.90355846e-05]
520 [-3.22229034e-04  2.55918096e-05]
530 [-4.34937878e-04  1.04143818e-05]
540 [-5.66556008e-04  1.64757456e-06]
550 [-6.69357354e-04  7.35056967e-06]
560 [-6.84622688e-04  2.54354097e-05]
570 [-6.61269804e-04  4.56960466e-05]
580 [-6.59071065e-04  6.29846001e-05]
590 [-7.29150535e-04  7.92412957e-05]
600 [-8.01381929e-04  8.48995534e-05]
610 [-8.52878391e-04  7.71774800e-05]
620 [-9.80062819e-04  6.67901506e-05]
630 [-1.04795681e-03  4.65646141e-05]
640 [-1.16054721e-03  2.64916355e-05]
650 [-1.13213546e-03  5.51301958e-06]
660 [-1.10408471e-03 -1.02359535e-05]
670 [-1.08744330e-03 -2.19658308e-05]
680 [-1.11014141e-03 -3.20182501e-05]
690 [-1.15910720e-03 -4.19037283e-05]
700 [-1.10712361e-03 -4.74848090e-05]
710 [-1.03359858e-03 -5.12572765e-05]
720 [-9.56350721e-04 -5.40805514e-05]
730 [-9.45911951e-04 -6.04523693e-05]
740 [-9.43998480e-04 -6.77371448e-05]
750 [-8.89253819e-04 -7.12489456e-05]
760 [-7.91024308e-04 -7.04394316e-05]
770 [-6.83554361e-04 -6.73631982e-05]
780 [-6.14187797e-04 -6.67444745e-05]
