380 0.3209277519973345
390 0.2847070104126998
400 0.34346842498317104
410 1.7222657280777576
420 1.798914314339027
430 1.2627303872849505
440 0.7834522935213968
450 0.7347863208795494
460 0.5562777701219181
470 0.5316599370177305
480 0.4711884496610434
490 0.5155823895729772
500 0.8090521219534011
510 1.5840665845049415
520 1.6786693436727262
530 2.6666185256136714
540 2.9342562440145135
550 3.0743927984580215
560 3.21815214279149
570 3.1408403542622847
580 3.3288047175801445
590 3.4903879058590643
600 3.332926480210741
610 3.4241688487590505
620 3.5229778847620166
630 3.622410082362571
640 3.6275260743525584
650 3.5796912885776884
660 3.434522538336942
670 3.3235925456797224
680 3.085098446817786
690 2.901509616203195
700 3.0590942637927903
710 2.862040387561733
720 2.7627024200136403
730 2.6375003714346503
740 2.4756607150011622
750 2.2568735044045263
760 2.1182613244777024
770 2.0649932142453493
780 2.0354359993270212
