380 0.3186183626532962
390 0.28691162691133143
400 0.34235444560352457
410 1.7306819843593353
420 1.8110624416997225
430 1.2545660071648794
440 0.7871574669007803
450 0.7520091774033593
460 0.5763439454998844
470 0.5037979737582141
480 0.46360413512366144
490 0.503585436598187
500 0.8276109570408082
510 1.6076711092068836
520 1.6027257206149366
530 2.5088804119306367
540 2.9654001230405407
550 3.0547919904471197
560 3.1343723847699314
570 3.1541999611421225
580 3.27194123605579
590 3.2774803140165294
600 3.400313677256613
610 3.3945903614752773
620 3.4823321361340485
630 3.5679574725957757
640 3.5320814417681476
650 3.5605594057151473
660 3.5334927736532924
670 3.3340339638611036
680 3.1521008947749793
690 2.9688304430414787
700 2.89579991731222
710 2.9438388387192886
720 2.673217968140389
730 2.6466536147749564
740 2.6102840011624284
750 2.4781117247872575
760 2.2986602895923003
770 2.155158822473135
780 2.00012634123322
