380 [-3.37779548e-05 -1.65566422e-05]
390 [-3.31185422e-05 -1.42952538e-05]
400 [-3.28721638e-05 -1.35824764e-05]
410 [-3.63307382e-05 -1.42149197e-05]
420 [-4.34627976e-05 -1.51324589e-05]
430 [-5.78246160e-05 -1.88544489e-05]
440 [-5.35461483e-05 -1.79231873e-05]
450 [-6.53376219e-05 -2.34649550e-05]
460 [-7.98274170e-05 -3.01642514e-05]
470 [-8.88137046e-05 -3.37445641e-05]
480 [-1.25696280e-04 -4.52791844e-05]
490 [-2.03985419e-04 -6.60232500e-05]
500 [-3.14154349e-04 -9.00126506e-05]
510 [-0.00039159 -0.00010344]
520 [-0.00049207 -0.00012944]
530 [-0.00065371 -0.00018308]
540 [-0.00087703 -0.00026827]
550 [-0.00109895 -0.00036522]
560 [-0.00119637 -0.00042653]
570 [-0.00121043 -0.00045897]
580 [-0.00123111 -0.00049496]
590 [-0.00135136 -0.00057637]
600 [-0.0014393  -0.00065237]
610 [-0.0014646  -0.00070555]
620 [-0.00160628 -0.00081985]
630 [-0.00165131 -0.00088726]
640 [-0.00177932 -0.00099792]
650 [-0.00171    -0.00099214]
660 [-0.00166016 -0.00098822]
670 [-0.00164058 -0.00099453]
680 [-0.0016891  -0.00103617]
690 [-0.00178438 -0.00110174]
700 [-0.00172753 -0.0010688 ]
710 [-0.00163605 -0.00101065]
720 [-0.00153589 -0.00094478]
730 [-0.00154105 -0.00094218]
740 [-0.00155965 -0.00094656]
750 [-0.00148935 -0.00089656]
760 [-0.00134265 -0.0008013 ]
770 [-0.00117576 -0.00069546]
780 [-0.00107078 -0.00062753]
