380 0.3158530380412903
390 0.28390712810529894
400 0.3409485643837024
410 1.7223089813181767
420 1.7987887649373864
430 1.251859605087949
440 0.7879579916425807
450 0.7496678915541555
460 0.5743639901121215
470 0.5062975233550439
480 0.47276141885439826
490 0.4896070688357412
500 0.8372508428863323
510 1.6240873471549675
520 1.5257544118627144
530 2.605354208141494
540 2.86766776233725
550 3.0642889873726897
560 3.2540945458948642
570 3.148591096793033
580 3.202677869249612
590 3.2336436759275826
600 3.3265896042477636
610 3.359422325201891
620 3.449645562495677
630 3.509558115059447
640 3.5898412516242466
650 3.4122648986954824
660 3.413402805452334
670 3.3382700605498727
680 3.1272981467851895
690 2.976899644150492
700 3.0281805628460687
710 2.9489078899781886
720 2.7462972912562718
730 2.606703904127039
740 2.364832408625642
750 2.278919985819044
760 2.2618759759088194
770 2.243416172212435
780 2.206435942853213
