380 5.107513316158688e-05
390 3.965169120617398e-05
400 3.7017980168001696e-05
410 4.0005842423116895e-05
420 4.0272897964790677e-05
430 4.501009183473581e-05
440 3.79642941850778e-05
450 4.703646534770962e-05
460 6.123857567431015e-05
470 7.10982740523123e-05
480 9.84090878222375e-05
490 0.00014355531887333588
500 0.00018636131064615383
510 0.00019058960799295857
520 0.00019412275925491276
530 0.0002058648606414881
540 0.0002208915464520853
550 0.00023345142809093924
560 0.0002366277370326809
570 0.0002435808684203538
580 0.0002604260616227898
590 0.0002934338312090846
600 0.00030208677923654055
610 0.0002744853612584897
620 0.00024703658851751544
630 0.00019452777732527793
640 0.00015877894906405414
650 0.00012715764181852105
660 0.00011855485989472677
670 0.00012089534688184971
680 0.00012942292668464826
690 0.0001395997596633632
700 0.00013392119244697346
710 0.00012095259077278379
720 0.00010406943661968604
730 9.329304788695615e-05
740 8.604322256775878e-05
750 8.191466672846538e-05
760 8.232938724192553e-05
770 8.500165942975125e-05
780 9.124271520002029e-05
