380 5.2123269205135225e-06
400 1.0838146752326554e-05
420 1.273488146386556e-05
440 8.421419976193548e-06
460 1.1274539106503107e-05
480 1.8300631283094237e-05
500 0.0001365067615049281
520 0.00013261267674640227
540 0.0003610926702903272
560 0.0002540701122785625
580 0.0002885892438377932
600 7.207443639963697e-05
620 0.00042191416727643225
640 0.0006882841291536748
660 0.0009736522393400627
680 0.0010491657092038015
700 0.000756708217661409
720 0.00020472083598033233
740 0.00043693627954360204
760 0.0003195919829978746
780 5.531333657502382e-05
