380 1.1513538288968566e-06
385 1.1023093577967014e-06
390 1.2846028223530306e-06
395 1.792003222189492e-06
400 1.969541324427211e-06
405 1.8326368377579377e-06
410 2.198325660073304e-06
415 2.752415278508679e-06
420 3.37398967197739e-06
425 3.7724710927217183e-06
430 3.6257117574264837e-06
435 2.989200708427813e-06
440 2.595844176199745e-06
445 2.7775127523941704e-06
450 3.759677579960794e-06
455 4.880578281458141e-06
460 5.4048493193160485e-06
465 5.512099218353074e-06
470 5.673243601983609e-06
475 6.581745607922939e-06
480 7.476684666782668e-06
485 8.049532450236674e-06
490 8.85641578521659e-06
495 1.1673787046703987e-05
500 1.604955464884984e-05
505 2.018696750840065e-05
510 2.430296425381253e-05
515 2.7281269090982636e-05
520 3.120240288819103e-05
525 3.707817646215927e-05
530 4.3398472838060095e-05
535 4.844333871708998e-05
540 5.4099087374345326e-05
545 6.007475165381756e-05
550 6.136867483416109e-05
555 5.7223632558528985e-05
560 4.675839753045771e-05
565 3.474735492996162e-05
570 2.5786541874292165e-05
575 2.2725452030876472e-05
580 2.5317140348838334e-05
585 3.0108064992243504e-05
590 3.455357001207617e-05
595 3.617944828747623e-05
600 3.6470389380766604e-05
605 3.561130403368576e-05
610 3.4249592177042235e-05
615 3.259852635494406e-05
620 3.0517031199315652e-05
625 2.7649890902671093e-05
630 2.5163626524537064e-05
635 3.0726198847133756e-05
640 4.941905421694224e-05
645 7.878317514296931e-05
650 0.00011552866665589724
655 0.00015552148222135298
660 0.00019015002613555714
665 0.0002166462417081761
670 0.00022933109926147902
675 0.0002300130873196421
680 0.00022226597991387793
685 0.00021063840842136443
690 0.0001773217502270161
695 0.00013906871611403084
700 0.00010055175736343731
705 6.543892313361403e-05
710 4.094721366428411e-05
715 3.996137069775893e-05
720 5.3984281551511994e-05
725 6.821896182945867e-05
730 8.144021042176364e-05
735 8.873173687588368e-05
740 9.109092939715571e-05
745 8.936762587127657e-05
750 8.52746757659237e-05
755 8.101412680775075e-05
760 7.75761557947403e-05
765 7.616623088674965e-05
770 7.504226609402488e-05
775 7.879891807718173e-05
780 7.744711454105716e-05
