380 [-1.81540591e-07 -2.30763005e-07]
390 [-4.57502983e-07  4.04358329e-07]
400 [ 1.00177354e-06 -7.39469504e-08]
410 [ 5.89059279e-07 -5.58201647e-07]
420 [-5.62220184e-07 -2.09478456e-06]
430 [-2.84362284e-07 -2.64461300e-07]
440 [2.64262986e-06 2.12878108e-06]
450 [2.42378996e-06 2.28657747e-06]
460 [2.85762616e-06 2.93603329e-06]
470 [6.8844146e-06 4.1695120e-06]
480 [1.08639859e-05 2.20292598e-06]
490 [1.73674369e-05 1.33889053e-06]
500 [2.19412195e-05 1.17821982e-05]
510 [1.92659041e-05 3.13988932e-05]
520 [1.21138660e-05 4.49934744e-05]
530 [-9.77218237e-06  4.60796343e-05]
540 [-1.93659296e-05  2.59384114e-05]
550 [-1.54312637e-06 -3.88638515e-05]
560 [ 2.30081282e-06 -9.28366721e-05]
570 [ 3.12353629e-06 -9.88127957e-05]
580 [ 3.63917749e-05 -5.84734390e-05]
590 [ 1.41332953e-04 -3.09463989e-05]
600 [ 2.85220469e-04 -2.36785818e-05]
610 [3.30687631e-04 7.35882764e-06]
620 [3.07103548e-04 3.88011503e-05]
630 [2.79967863e-04 7.77264327e-05]
640 [0.00028215 0.00011131]
650 [0.00022664 0.00012036]
660 [0.00014908 0.00014128]
670 [6.56271240e-05 1.17620575e-04]
680 [2.40226723e-06 6.15216243e-05]
690 [-3.74943249e-05  8.91905193e-06]
700 [-4.30208647e-05 -3.19340844e-05]
710 [-2.83062329e-05 -4.18454299e-05]
720 [-2.39744252e-05 -7.00792013e-06]
730 [-3.47319789e-05  4.62088346e-05]
740 [-3.74285415e-05  6.55591844e-05]
750 [-5.20682410e-06  3.10343836e-05]
760 [ 4.73346889e-05 -2.18621907e-05]
770 [ 8.28208148e-05 -6.09922316e-05]
780 [ 9.63614852e-05 -8.74830409e-05]
