380 [ 3.15671400e-06 -1.02370748e-05]
385 [ 2.11349005e-06 -9.04954241e-06]
390 [ 1.90033022e-06 -8.56837648e-06]
395 [ 2.90694008e-06 -8.22311722e-06]
400 [ 5.40253552e-06 -8.20807884e-06]
405 [ 8.78895625e-06 -8.08868961e-06]
410 [ 1.15631874e-05 -7.53407804e-06]
415 [ 1.25063269e-05 -6.67287944e-06]
420 [ 1.34433135e-05 -6.64822665e-06]
425 [ 1.40557798e-05 -7.15671079e-06]
430 [ 1.32610613e-05 -7.59517425e-06]
435 [ 1.06166731e-05 -7.30211623e-06]
440 [ 8.61912763e-06 -7.32971616e-06]
445 [ 7.86620457e-06 -8.01262896e-06]
450 [ 9.01983701e-06 -1.00529448e-05]
455 [ 1.11624544e-05 -1.20351366e-05]
460 [ 1.39665422e-05 -1.30653903e-05]
465 [ 1.81007288e-05 -1.36590528e-05]
470 [ 2.36134540e-05 -1.38577253e-05]
475 [ 3.31279191e-05 -1.49328025e-05]
480 [ 4.77578355e-05 -1.65803668e-05]
485 [ 6.94505165e-05 -1.87205903e-05]
490 [ 9.52233380e-05 -2.00515489e-05]
495 [ 1.27390928e-04 -2.08214440e-05]
500 [ 1.55743687e-04 -1.90589660e-05]
505 [ 1.71092984e-04 -1.41271580e-05]
510 [ 1.85911445e-04 -7.40996549e-06]
515 [1.95733008e-04 1.85117798e-06]
520 [2.0978867e-04 1.4418539e-05]
525 [2.26382554e-04 3.18437259e-05]
530 [2.41498197e-04 5.47857598e-05]
535 [2.56254699e-04 8.38389982e-05]
540 [0.00027979 0.00012289]
545 [0.00030481 0.00017014]
550 [0.00031383 0.00021261]
555 [0.00032188 0.00025405]
560 [0.00032628 0.00028935]
565 [0.00033077 0.00031907]
570 [0.00033813 0.00034501]
575 [0.00035168 0.00037049]
580 [0.00037249 0.00039718]
585 [0.00040634 0.00043138]
590 [0.00045786 0.00047764]
595 [0.00050398 0.00051124]
600 [0.00055268 0.00054087]
605 [0.00059112 0.00055469]
610 [0.00063472 0.00056854]
615 [0.00069804 0.00059491]
620 [0.00077475 0.00062685]
625 [0.00083754 0.00064247]
630 [0.00087084 0.00063289]
635 [0.00094993 0.00065403]
640 [0.00100825 0.00065794]
645 [0.0010206  0.00063182]
650 [0.00102583 0.0006033 ]
655 [0.0010379  0.00058088]
660 [0.00104179 0.00055605]
665 [0.00105542 0.00053857]
670 [0.001066  0.0005215]
675 [0.00108556 0.00051067]
680 [0.00112591 0.00051093]
685 [0.00120611 0.0005297 ]
690 [0.00120892 0.00051557]
695 [0.00119719 0.00049742]
700 [0.00117834 0.0004785 ]
705 [0.00115168 0.00045851]
710 [0.00111288 0.00043564]
715 [0.00107514 0.00041496]
720 [0.00103229 0.00039379]
725 [0.001      0.00037793]
730 [0.00101453 0.00038063]
735 [0.00101147 0.00037744]
740 [0.00099769 0.00037091]
745 [0.00096703 0.00035872]
750 [0.00091911 0.00034065]
755 [0.00086099 0.00031925]
760 [0.00079414 0.00029492]
765 [0.00073124 0.00027228]
770 [0.00066259 0.00024763]
775 [0.0006352 0.0002385]
780 [0.00057201 0.00021601]
