380 1.0712728163449581e-05
385 9.293065052151973e-06
390 8.77657851870052e-06
395 8.721809299667539e-06
400 9.826492160522931e-06
405 1.194456577375445e-05
410 1.3801073678594483e-05
415 1.4175173069017473e-05
420 1.499738626977606e-05
425 1.5772870889566968e-05
430 1.528209469486882e-05
435 1.2885443317580646e-05
440 1.1314331622714617e-05
445 1.1228508241300774e-05
450 1.3506263684766753e-05
455 1.6414776917860333e-05
460 1.912508107335571e-05
465 2.267611316315519e-05
470 2.73794039124353e-05
475 3.6337963831486344e-05
480 5.0554123614549516e-05
485 7.1929373253458e-05
490 9.731160621226294e-05
495 0.00012908129645079904
500 0.00015690551398971772
505 0.00017167523318184125
510 0.00018605905800213305
515 0.000195741761797198
520 0.00021028357111499494
525 0.0002286112064463922
530 0.00024763452681214273
535 0.00026962093428622844
540 0.00030559133649529015
545 0.0003490759102462951
550 0.0003790662743705583
555 0.00041005865987588596
560 0.0004360964695300489
565 0.0004595799276239116
570 0.00048308378307146253
575 0.0005108280540968537
580 0.0005445230189930152
585 0.0005926220787657742
590 0.0006616495856122115
595 0.0007178879357740016
600 0.0007733031471946119
605 0.0008106193637500254
610 0.0008521204414254913
615 0.0009171539410274076
620 0.0009965867246181515
625 0.0010555775114988676
630 0.0010765315071263866
635 0.001153306535596303
640 0.0012039365644930845
645 0.001200343044540282
650 0.0011900825698870651
655 0.0011893889759190554
660 0.0011808949482673798
665 0.001184888799005373
670 0.0011867256145761894
675 0.0011996790775827696
680 0.0012364151242075187
685 0.0013172980380300686
690 0.001314270979966982
695 0.0012964104147824755
700 0.0012717905262103802
705 0.001239592367934021
710 0.001195109033183814
715 0.001152443381819021
720 0.0011048469260852764
725 0.0010690306482192356
730 0.0010835790683790686
735 0.0010795967047758034
740 0.0010644005254657636
745 0.0010314232633269738
750 0.000980202749297809
755 0.0009182695569455124
760 0.00084713377367475
765 0.000780284616395545
770 0.0007073515024253628
775 0.0006784950898194923
780 0.00061143602208394
