380 [-1.26131847e-19  1.62263365e-20]
385 [-7.78864153e-19  7.10148574e-20]
390 [5.46571335e-19 2.06935061e-20]
395 [-4.18337291e-19 -4.79563792e-20]
400 [ 5.79155396e-19 -7.80440801e-20]
405 [7.11593834e-19 3.91534274e-20]
410 [3.45811479e-19 7.94893408e-21]
415 [1.05425202e-18 4.56571007e-20]
420 [-6.19097147e-19 -2.80380584e-19]
425 [-2.12321942e-19  8.14601509e-21]
430 [7.56791080e-20 1.24161036e-19]
435 [-6.53783405e-19  6.88469663e-20]
440 [7.54688882e-19 3.20585110e-20]
445 [-5.97024074e-19 -1.35066186e-19]
450 [3.74191145e-19 1.93796327e-19]
455 [ 2.45746881e-18 -1.49518793e-19]
460 [-1.04479213e-18  7.35769105e-20]
465 [3.16590935e-18 4.59855691e-20]
470 [-6.22250443e-19  3.83125484e-19]
475 [ 9.62806429e-19 -3.33723844e-19]
480 [ 3.58214444e-18 -1.52146540e-19]
485 [ 3.08602585e-18 -1.45577173e-19]
490 [1.46312942e-18 5.92294130e-19]
495 [ 2.18628534e-19 -7.85170745e-19]
500 [ 3.23738406e-18 -7.06338341e-19]
505 [3.48964776e-18 1.39796130e-18]
510 [3.19534011e-18 7.34718006e-19]
515 [-6.22250443e-19  1.93297055e-18]
520 [1.49676458e-18 6.51681207e-20]
525 [-3.39715107e-18  9.18660283e-19]
530 [7.24837678e-18 2.41962926e-18]
535 [ 1.69857553e-18 -4.31581135e-18]
540 [4.37257068e-18 2.32503037e-18]
545 [ 1.17723057e-17 -6.97929551e-18]
550 [3.65277828e-17 4.28427839e-18]
555 [2.34100707e-17 1.82891178e-18]
560 [1.24113737e-17 9.54397639e-19]
565 [-8.44242493e-18  3.70827629e-18]
570 [ 1.21086573e-17 -3.30465438e-18]
575 [ 9.48511486e-18 -5.33958151e-19]
580 [-1.33531582e-17 -2.74126547e-18]
585 [1.00905477e-18 1.21507012e-18]
590 [-1.00905477e-17  5.46150896e-18]
595 [2.36791520e-17 4.72153546e-18]
600 [2.81189930e-17 3.40555986e-18]
605 [ 2.85226149e-17 -7.16428889e-18]
610 [ 7.13065373e-18 -9.47670607e-18]
615 [ 9.55238518e-18 -1.52199095e-18]
620 [-2.65045054e-17  4.59119922e-18]
625 [6.65976150e-18 5.39844303e-18]
630 [-6.18886927e-17  2.41332266e-18]
635 [1.29159011e-17 5.07050023e-18]
640 [-8.18679772e-17 -2.00129197e-18]
645 [ 3.96222174e-17 -1.71875663e-17]
650 [1.86338781e-17 9.77942251e-18]
655 [-4.30530036e-17  1.01494093e-17]
660 [ 3.96894877e-17 -4.76778380e-18]
665 [3.16170495e-18 1.58169336e-17]
670 [-1.47994700e-18 -1.32774791e-17]
675 [-1.58421599e-17 -1.48583315e-17]
680 [2.01138251e-17 9.21603359e-18]
685 [-6.32340991e-18 -1.19404815e-17]
690 [2.13919612e-17 1.57244369e-18]
695 [-2.71099382e-17 -5.20504087e-18]
700 [-1.41940371e-17  7.37450863e-18]
705 [-2.33091652e-17 -8.14811729e-18]
710 [ 7.56791080e-18 -1.58337511e-17]
715 [2.20310292e-17 3.24579285e-18]
720 [ 3.12806980e-18 -5.72638583e-18]
725 [ 1.79611750e-17 -1.42949426e-18]
730 [-2.12910557e-17  6.82793730e-18]
735 [ 1.42613075e-17 -2.33764356e-18]
740 [1.25122792e-17 8.37515461e-18]
745 [2.35446114e-19 8.66946226e-18]
750 [1.92729462e-17 3.96894877e-18]
755 [-5.61707157e-18  1.17891233e-17]
760 [ 2.2199205e-17 -1.1520042e-18]
765 [4.97800355e-18 1.19488903e-17]
770 [2.62354241e-18 9.92237193e-18]
775 [-1.20750221e-17  6.84475487e-18]
780 [1.00064598e-17 5.37742106e-18]
