380 1.2717128889614578e-19
385 7.820949291913314e-19
390 5.469629289598062e-19
395 4.210770754725902e-19
400 5.843901527660261e-19
405 7.126701734657291e-19
410 3.4590282570153746e-19
415 1.0552402037816743e-18
420 6.796282434346733e-19
425 2.1247815066662174e-19
430 1.4540732567669288e-19
435 6.573983915034252e-19
440 7.553694836568928e-19
445 6.121116068672392e-19
450 4.213977090259048e-19
455 2.4620131653444587e-18
460 1.047379661353859e-18
465 3.1662433071993723e-18
470 7.307398651314317e-19
475 1.0190033482285182e-18
480 3.58537409207993e-18
485 3.0894575961094863e-18
490 1.5784676229590045e-18
495 8.150408178128877e-19
500 3.313543332880165e-18
505 3.759246899690445e-18
510 3.2787206330610995e-18
515 2.0306577153604556e-18
520 1.4981825957870166e-18
525 3.51917207504444e-18
530 7.641568670120187e-18
535 4.638036918677649e-18
540 4.9522864008978295e-18
545 1.3685676705317519e-17
550 3.6778172269338654e-17
555 2.348140391211424e-17
560 1.244801478438155e-17
565 9.220946359361093e-18
570 1.2551506742556975e-17
575 9.500132381917229e-18
580 1.3631631199448953e-17
585 1.5794261413181533e-18
590 1.1473762831559644e-17
595 2.4145292221392656e-17
600 2.8324470078014226e-17
605 2.940861432324724e-17
610 1.185977152286988e-17
615 9.672875430859815e-18
620 2.6899217734707233e-17
625 8.572958090524711e-18
630 6.193572808479244e-17
635 1.3875535073768483e-17
640 8.189243471866424e-17
645 4.318949579919041e-17
650 2.1044203926530847e-17
655 4.423315080522022e-17
660 3.997483206054391e-17
665 1.612984083970594e-17
670 1.335970407825011e-17
675 2.1719669589256556e-17
680 2.2124674838656192e-17
685 1.3511499205096188e-17
690 2.144967557584472e-17
695 2.7605093752095503e-17
700 1.5995438966999614e-17
705 2.469228624406874e-17
710 1.75493860008131e-17
715 2.226884413260038e-17
720 6.525052902075942e-18
725 1.801797046170172e-17
730 2.2359109568025443e-17
735 1.4451625088239176e-17
740 1.5056571492325713e-17
745 8.672658800369886e-18
750 1.9677372994717022e-17
755 1.3058901954480367e-17
760 2.2229075919998375e-17
765 1.2944361625656843e-17
770 1.0263354203921317e-17
775 1.3880087475389752e-17
780 1.135983695130921e-17
