380 [-2.30190620e-19  1.17197507e-19]
385 [6.46425714e-19 1.87226960e-20]
390 [7.21053723e-19 1.21533290e-20]
395 [1.04058773e-18 9.98543785e-20]
400 [-3.17431814e-19  5.87958347e-20]
405 [-2.55416989e-19  5.67593310e-20]
410 [-5.87564185e-19  1.39270581e-20]
415 [ 4.79301017e-19 -4.92702526e-20]
420 [7.85170745e-19 9.88032798e-20]
425 [ 1.36642834e-19 -4.05986881e-20]
430 [ 1.87095572e-19 -1.89460545e-19]
435 [8.34572385e-19 2.23358478e-21]
440 [3.95213119e-19 1.02482125e-20]
445 [ 1.85834254e-18 -7.05550017e-20]
450 [9.31273467e-19 5.47885209e-20]
455 [ 1.90038649e-18 -2.62511906e-19]
460 [-1.28864703e-18 -4.91388652e-20]
465 [-1.83311617e-18  3.05606953e-19]
470 [2.29559961e-18 3.27154477e-19]
475 [ 1.55983050e-18 -1.91037193e-19]
480 [2.74126547e-18 1.03007675e-19]
485 [5.99967150e-18 8.82922926e-20]
490 [6.65976150e-18 2.73285668e-20]
495 [-3.86804330e-19  1.11626684e-18]
500 [ 9.68692582e-18 -1.33489538e-19]
505 [1.93402165e-19 1.34855966e-18]
510 [ 8.40878977e-20 -1.16461738e-18]
515 [1.00905477e-19 1.31387340e-18]
520 [ 1.41267668e-18 -1.05950751e-18]
525 [1.80957156e-17 7.96732831e-19]
530 [ 2.69081273e-18 -1.05109872e-20]
535 [-3.19534011e-18 -1.26131847e-20]
540 [-1.52367271e-17 -3.91429164e-18]
545 [ 1.76584585e-17 -9.33375665e-19]
550 [ 1.34876988e-17 -1.28654484e-18]
555 [8.67787105e-18 9.29171270e-19]
560 [ 8.40878977e-19 -6.85316366e-19]
565 [ 2.12910557e-17 -8.07243818e-19]
570 [3.16506847e-17 4.41461463e-19]
575 [9.08149295e-18 3.02716432e-19]
580 [ 1.49003755e-17 -1.34540636e-19]
585 [ 2.29055433e-17 -6.60089997e-19]
590 [2.92625884e-17 6.55885602e-19]
595 [-7.87062723e-18 -3.09443464e-18]
600 [-3.21552121e-17 -8.24061398e-19]
605 [ 2.58318022e-17 -3.06920827e-18]
610 [4.32211794e-17 4.96118597e-19]
615 [-7.19792405e-18  5.01163870e-18]
620 [1.51021864e-17 2.18628534e-19]
625 [-8.94695232e-18 -4.49870253e-18]
630 [2.48900177e-17 3.86804330e-19]
635 [-2.95989400e-18  1.16966266e-17]
640 [4.09676238e-17 9.21603359e-18]
645 [-3.67295937e-17 -3.48964776e-18]
650 [-1.27813605e-18 -9.24125996e-18]
655 [-3.06079948e-17  8.93854353e-18]
660 [ 2.13246909e-17 -1.75323267e-17]
665 [ 2.36791520e-17 -9.67010824e-18]
670 [1.99120142e-17 7.29882952e-18]
675 [ 4.03621909e-18 -8.40878977e-18]
680 [-2.58654373e-17 -2.27878203e-18]
685 [ 3.22897527e-17 -1.10071058e-17]
690 [9.41784454e-18 1.35381515e-18]
695 [ 1.77929992e-17 -5.65911552e-18]
700 [ 1.42949426e-17 -2.77490062e-19]
705 [9.51875002e-18 2.53945451e-18]
710 [3.32315372e-17 1.78266343e-18]
715 [-2.21992050e-18 -1.26131847e-19]
720 [ 2.56299912e-17 -4.87709807e-19]
725 [3.22897527e-18 9.21603359e-18]
730 [ 1.26468198e-17 -1.08977915e-17]
735 [3.56532686e-18 7.39973500e-18]
740 [3.12806980e-18 3.35510712e-18]
745 [-9.38420939e-18 -7.43337016e-18]
750 [-5.98705832e-18 -3.92690482e-18]
755 [-2.67735866e-17 -3.30465438e-18]
760 [ 1.80620804e-17 -6.05432864e-19]
765 [1.54049029e-17 7.79494812e-18]
770 [ 4.20103137e-17 -2.53945451e-18]
775 [ 3.17515902e-17 -1.21927452e-18]
780 [-1.73893772e-17 -2.48900177e-18]
