380 2.583079117964599e-19
385 6.466967935106873e-19
390 7.211561376164033e-19
395 1.0453677485644854e-18
400 3.228310806925404e-19
405 2.616475875901811e-19
410 5.877292189780704e-19
415 4.818267559055501e-19
420 7.913628667629165e-19
425 1.4254654505079504e-19
430 2.662706351971996e-19
435 8.345753737928181e-19
440 3.9534596940632464e-19
445 1.8596814251499676e-18
450 9.328837295631956e-19
455 1.9184319916193913e-18
460 1.2895835772532916e-18
465 1.858416127767169e-18
470 2.318794430601689e-18
475 1.5714854139706278e-18
480 2.743200126656331e-18
485 6.000321130352391e-18
490 6.659817571302515e-18
495 1.1813844643047389e-18
500 9.687845542445316e-18
505 1.3623573515040152e-18
510 1.1676491015762562e-18
515 1.317742475457185e-18
520 1.7658458521848642e-18
525 1.8113246697330655e-17
530 2.6908332563324337e-18
535 3.1953650078238043e-18
540 1.5731482154024253e-17
545 1.7683109101607452e-17
550 1.354891938095758e-17
555 8.727474154802223e-18
560 1.0847746201233407e-18
565 2.130635340810048e-17
570 3.165376328953973e-17
575 9.086536827270063e-18
580 1.4900982871087653e-17
585 2.2915052574549326e-17
590 2.926993792678546e-17
595 8.457085707399228e-18
600 3.216576972024157e-17
605 2.6013497328881896e-17
610 4.3224026709150825e-17
615 8.770782921802109e-18
620 1.510376884868841e-17
625 1.0014303780740501e-17
630 2.4893023118770464e-17
635 1.2065324101952777e-17
640 4.199144523063028e-17
645 3.689499555080316e-17
650 9.329229196162395e-18
655 3.1886468984749376e-17
660 2.76066100605014e-17
665 2.557759239492536e-17
670 2.120757461696189e-17
675 9.327315261268068e-18
680 2.5965625282330503e-17
685 3.4114286002204054e-17
690 9.514652455184014e-18
695 1.8671272251134425e-17
700 1.4297635645154767e-17
705 9.85167149273651e-18
710 3.327931718451407e-17
715 2.2235009036545703e-18
720 2.563463108960903e-17
725 9.765324185666296e-18
730 1.6694427574912596e-17
735 8.213868376598091e-18
740 4.587108503757096e-18
745 1.1971565382810906e-17
750 7.159989441046124e-18
755 2.697676188644976e-17
760 1.8072224501851965e-17
765 1.7264768993278528e-17
770 4.208699664496547e-17
775 3.1774991885468287e-17
780 1.7566603853242337e-17
