380 3.821374384653949e-07
390 3.742194388237674e-07
400 3.6701937241481815e-07
410 3.5997733294773286e-07
420 3.527172249596819e-07
430 3.4504263735696616e-07
440 3.3685899302073623e-07
450 3.281514984667771e-07
460 3.1895158111225553e-07
470 3.093301323523443e-07
480 2.993587800809408e-07
490 2.8913265247013863e-07
500 2.7873896844243134e-07
510 2.6826320389798856e-07
520 2.5778185574782456e-07
530 2.4736596366947636e-07
540 2.3707691824482894e-07
550 2.2696426760349574e-07
560 2.1707331146036857e-07
570 2.0743794222496304e-07
580 1.980858417123605e-07
590 1.8903904176956823e-07
600 1.8031120162268073e-07
610 1.7191341985675614e-07
620 1.6385075538195578e-07
630 1.5612418581825684e-07
640 1.4873348111074089e-07
650 1.4167320868121305e-07
660 1.3493803261562365e-07
670 1.2851971385382065e-07
680 1.2240982402713138e-07
690 1.1659785157094647e-07
700 1.110729007780411e-07
710 1.0582454731466471e-07
720 1.008406638060189e-07
730 9.61099558505976e-08
740 9.162150134291398e-08
750 8.736288733595878e-08
760 8.332352771303913e-08
770 7.949266561622102e-08
780 7.58595119863004e-08
