380 1.228407572020631e-06
390 1.138376606112414e-06
400 1.0603877977158944e-06
410 9.945311325796007e-07
420 9.395824282253009e-07
430 8.949315803914652e-07
440 8.595548075921611e-07
450 8.296005020265473e-07
460 8.026674008705732e-07
470 7.764469220349114e-07
480 7.502788480408101e-07
490 7.234009061478534e-07
500 6.960155936600204e-07
510 6.671556188711548e-07
520 6.380061953186472e-07
530 6.083878430963463e-07
540 5.785863717109843e-07
550 5.48964737063378e-07
560 5.19896015911014e-07
570 4.915520857975721e-07
580 4.6419341859698293e-07
590 4.377406167227095e-07
600 4.126067139394471e-07
610 3.8880586326736524e-07
620 3.661871585170362e-07
630 3.4483138455915624e-07
640 3.2468323186965856e-07
650 3.0567402443088073e-07
660 2.878442183675396e-07
670 2.709955955190015e-07
680 2.5518498039082074e-07
690 2.40255100028255e-07
700 2.2622666008286872e-07
710 2.1299827723691592e-07
720 2.005600639946149e-07
730 1.888863283533014e-07
740 1.778322014731404e-07
750 1.675177589597188e-07
760 1.5778202068379662e-07
770 1.4857879988115322e-07
780 1.3991747796191558e-07
