380.0 0.022913030937799145
390.0 0.019145786753211064
400.0 0.019020393068065567
410.0 0.0221322425741538
420.0 0.02399160216369891
430.0 0.02938830608352091
440.0 0.02801239735887992
450.0 0.0370214533233807
460.0 0.04910918188016559
470.0 0.06119996043962845
480.0 0.09837688608467075
490.0 0.17105675388764283
500.0 0.2591809896241886
510.0 0.30253145134731657
520.0 0.3540099168190918
530.0 0.4434913857039906
540.0 0.5682985806770656
550.0 0.6877617590502931
560.0 0.7308629307476551
570.0 0.7289250517567019
580.0 0.7369785497137299
590.0 0.8086068897403805
600.0 0.8617093127254715
610.0 0.8737721010486391
620.0 0.9475223509906333
630.0 0.9545933509102644
640.0 1.0
650.0 0.9285071036454572
660.0 0.8666944370219594
670.0 0.820004863061932
680.0 0.8051830450375305
690.0 0.8081478496376139
700.0 0.7406708288466699
710.0 0.6619315169493667
720.0 0.5848332520048769
730.0 0.551100326811782
740.0 0.5230168169925103
750.0 0.46787578814405106
760.0 0.39492220012036455
770.0 0.32376451223246105
780.0 0.2761255103769695
