380.0 0.017539307548873274
390.0 0.01607116018212035
400.0 0.01645472378443703
410.0 0.018683224531935445
420.0 0.020299863451538117
430.0 0.025918011027683242
440.0 0.02436115179556662
450.0 0.030362373139029553
460.0 0.03979613135065175
470.0 0.051571981666385235
480.0 0.08594145343192522
490.0 0.15367160343942715
500.0 0.24128707824143414
510.0 0.29108755661413915
520.0 0.342297759153645
530.0 0.4144906923666988
540.0 0.5015127082967024
550.0 0.5763502304066256
560.0 0.5983283818210873
570.0 0.6030738792601534
580.0 0.6313568735387437
590.0 0.7237047193259813
600.0 0.8029077181674009
610.0 0.8395427096454156
620.0 0.9292158908028932
630.0 0.9477790025034288
640.0 1.0
650.0 0.9326613207348531
660.0 0.8731427608235192
670.0 0.8270486302657534
680.0 0.8104298654957266
690.0 0.8079571752378996
700.0 0.7315519651765519
710.0 0.6427016580068029
720.0 0.5563843718295217
730.0 0.513270651685629
740.0 0.4777521728826963
750.0 0.4209298673670884
760.0 0.3520315554427331
770.0 0.2879382537545134
780.0 0.24672269153706747
