380.0 0.04528492458023844
390.0 0.03662139718028444
400.0 0.03525034990931018
410.0 0.03657356633901301
420.0 0.032750971510062614
430.0 0.03267132503636532
440.0 0.026387358324004493
450.0 0.030650746616869062
460.0 0.0360486978071353
470.0 0.038863011008758636
480.0 0.05253673072530685
490.0 0.07918504628415059
500.0 0.11715378811082061
510.0 0.1521345864767585
520.0 0.20680975203792254
530.0 0.28946788301280535
540.0 0.390933479307604
550.0 0.4814577868546443
560.0 0.5189307098173285
570.0 0.5334515721880286
580.0 0.5666672683051108
590.0 0.6610995342588092
600.0 0.75051347735452
610.0 0.8051818689724526
620.0 0.9119051292843787
630.0 0.9442474735651959
640.0 1.0
650.0 0.9255045182571949
660.0 0.8528081932649456
670.0 0.7928888499977569
680.0 0.7652435914095441
690.0 0.7575848847534221
700.0 0.6882226765969653
710.0 0.6124911484140493
720.0 0.5408424301141315
730.0 0.5105710088896667
740.0 0.48605336451598596
750.0 0.43649700488372273
760.0 0.3700334475832
770.0 0.3048342463599787
780.0 0.26140945963960555
