380.0 0.0027362661709218685
390.0 0.005529505116042236
400.0 0.0065577184496388085
410.0 0.005075418601447717
420.0 0.0033122700193905885
430.0 0.0018118259500996326
440.0 0.002723156260373597
450.0 0.006382952469143678
460.0 0.007431635263632271
470.0 0.006844433465000635
480.0 0.017466961412915937
490.0 0.039510336617594066
500.0 0.07099992845625434
510.0 0.10442702021205026
520.0 0.1618511369065277
530.0 0.25988118311514924
540.0 0.39429905118779535
550.0 0.5237970994617986
560.0 0.580082254408514
570.0 0.5865401809483979
580.0 0.5962365646144425
590.0 0.6612907155020784
600.0 0.721365529556183
610.0 0.7587213289558652
620.0 0.8612032850208832
630.0 0.9109732668978686
640.0 1.0
650.0 0.9684921306848682
660.0 0.9381657609339819
670.0 0.9170917405381769
680.0 0.926949014057357
690.0 0.9546045681215499
700.0 0.8950547625932227
710.0 0.8162246741046515
720.0 0.734383042914795
730.0 0.7038529756210199
740.0 0.6792476483155035
750.0 0.6182755881504767
760.0 0.5318214614046497
770.0 0.4452811335855121
780.0 0.38884142886564627
