380.0 0.012161892151207037
390.0 0.010635495645067479
400.0 0.011563928022161551
410.0 0.015699031397797228
420.0 0.018567145610263285
430.0 0.022175374179885077
440.0 0.01913442863781491
450.0 0.022646227976331732
460.0 0.026630660853554325
470.0 0.028244343391876897
480.0 0.03774920290252863
490.0 0.05906437097355508
500.0 0.09757460291734696
510.0 0.14451615545437368
520.0 0.21646981122537667
530.0 0.32114824977346085
540.0 0.4442412990437719
550.0 0.5420361242052217
560.0 0.5618871151245319
570.0 0.5452824629916313
580.0 0.546271244322003
590.0 0.6112238562982225
600.0 0.6835195808410792
610.0 0.740917586257595
620.0 0.8617467537959524
630.0 0.9205458184903423
640.0 1.0
650.0 0.9368415216365974
660.0 0.8588274802304869
670.0 0.780923927318
680.0 0.7284886105473808
690.0 0.6961274631752776
700.0 0.6172656870254962
710.0 0.5472930639004797
720.0 0.49210396895068054
730.0 0.48091003680305344
740.0 0.4782687700700278
750.0 0.44995758944757
760.0 0.39926021720119975
770.0 0.34328051361655576
780.0 0.30612407636172534
