380.0 0.022476468433644363
390.0 0.016707134182037387
400.0 0.015830902354608527
410.0 0.015182006511225195
420.0 0.011915099701802262
430.0 0.009933437940322195
440.0 0.010474261911722557
450.0 0.023602392213874755
460.0 0.04687767294568547
470.0 0.06696166031679299
480.0 0.10245940945147874
490.0 0.16638171358564438
500.0 0.2550481205491733
510.0 0.31775247302773724
520.0 0.3882947690219465
530.0 0.47488612925001084
540.0 0.5588962948994671
550.0 0.609907605877199
560.0 0.6015210520895036
570.0 0.5868048345055933
580.0 0.6077673785188248
590.0 0.699882200989025
600.0 0.7857127472223607
610.0 0.8319999622298925
620.0 0.9294858921853127
630.0 0.9513689899124155
640.0 1.0
650.0 0.9220298317869307
660.0 0.8475310454989766
670.0 0.7843117966445041
680.0 0.7491019491169661
690.0 0.7278853201025505
700.0 0.6433657387299958
710.0 0.5530026751353536
720.0 0.46927842692744637
730.0 0.424775859804181
740.0 0.3878302566377521
750.0 0.33474104450642905
760.0 0.27366860614590416
770.0 0.2183232516859204
780.0 0.1821617959599013
