380.0 0.0213123118113532
390.0 0.016499287152847156
400.0 0.015572676591727548
410.0 0.016764436254457716
420.0 0.019083914244593093
430.0 0.025384611431008907
440.0 0.02423468699354063
450.0 0.033828382921040165
460.0 0.050464059248012956
470.0 0.06668617871762887
480.0 0.10430268357254445
490.0 0.1733944245069822
500.0 0.2609723644878208
510.0 0.31164164889437296
520.0 0.3701756079808842
530.0 0.4569043378683013
540.0 0.5617147214321052
550.0 0.6453851536462821
560.0 0.6534286006141131
570.0 0.6275601591324801
580.0 0.6198452022780789
590.0 0.6763608431522637
600.0 0.7311375387232388
610.0 0.7650235774696874
620.0 0.8653705666730308
630.0 0.9129407199841536
640.0 1.0
650.0 0.9665203865796717
660.0 0.9338078674324617
670.0 0.9090990273283851
680.0 0.9134170154770548
690.0 0.9334949213125583
700.0 0.86778119092406
710.0 0.7848187847633559
720.0 0.7015111069056879
730.0 0.6700118454451133
740.0 0.6468891310580267
750.0 0.5917634904980562
760.0 0.5137105065126103
770.0 0.43557306647488614
780.0 0.38615689889777616
