380 2.3550821089362886e-06
390 1.9947712070834728e-06
400 7.95604858446628e-07
410 2.913476657785383e-07
420 2.5084879578757326e-06
430 2.3399105374975152e-06
440 1.8362539494119947e-06
450 2.502767289309621e-06
460 2.2728827017920805e-06
470 1.7673580872903592e-06
480 1.5271260577339491e-06
490 1.3261958610990328e-06
500 1.278844719070851e-06
510 9.853093808046907e-07
520 6.941475406201958e-07
530 4.638752262876374e-07
540 5.457716888935108e-07
550 1.0494318583303069e-06
560 1.6341054744129426e-06
570 2.2317209475889327e-06
580 2.3211408502447166e-06
590 2.7183806492874873e-06
600 3.0430604170690247e-06
610 3.2444348413286055e-06
620 3.4349598539744484e-06
630 3.5797809394569713e-06
640 3.593974936296122e-06
650 3.600219380107846e-06
660 3.6717492614332995e-06
670 3.684505410317328e-06
680 3.7369680316168773e-06
690 3.7886132124728473e-06
700 3.7986771089240707e-06
710 3.8117534643465456e-06
720 3.820084379905354e-06
730 3.7582877748034764e-06
740 3.693578108895488e-06
750 3.6483090406552986e-06
760 3.512549326307743e-06
770 3.3166050773312337e-06
780 3.1789772145843914e-06
