380 2.2378241505714136e-06
390 1.948816188313427e-06
400 7.593370106088408e-07
410 2.620884373673708e-07
420 2.420551215695143e-06
430 2.264148719499799e-06
440 1.7781877123239455e-06
450 2.4296972488358377e-06
460 2.2103634959290074e-06
470 1.7353430942786018e-06
480 1.5016629250947974e-06
490 1.333683354106465e-06
500 1.296654220286348e-06
510 9.652215079614627e-07
520 6.457553129830138e-07
530 4.266695793924959e-07
540 5.297526557880154e-07
550 1.0420045950409229e-06
560 1.6683105254845394e-06
570 2.2727847781540627e-06
580 2.286781091950738e-06
590 2.6139938917792613e-06
600 2.965815936314002e-06
610 3.1244018283806832e-06
620 3.250602865481783e-06
630 3.364994107695188e-06
640 3.4907239596770784e-06
650 3.643927329405464e-06
660 3.6946559817921578e-06
670 3.716194321164951e-06
680 3.6964642746602214e-06
690 3.690968002984322e-06
700 3.6777806095567476e-06
710 3.6520021871089495e-06
720 3.6286968619217625e-06
730 3.5551884111582544e-06
740 3.513827974319005e-06
750 3.4330758678280162e-06
760 3.2851702757721787e-06
770 3.179713013881312e-06
780 3.065997697096343e-06
