380 2.3054102143957655e-06
390 1.9619033148300226e-06
400 7.731552188588669e-07
410 2.511920644127854e-07
420 2.4698382928033075e-06
430 2.3617093061771775e-06
440 1.7921025392364066e-06
450 2.4321709817116545e-06
460 2.2318400005198116e-06
470 1.777884177508186e-06
480 1.5433928497420042e-06
490 1.314802221085833e-06
500 1.2803137204321645e-06
510 1.0044272932787563e-06
520 6.858006881219424e-07
530 4.579541668296176e-07
540 5.466217573969853e-07
550 1.0384700866538893e-06
560 1.6571931051698454e-06
570 2.254749753140886e-06
580 2.3006932654126163e-06
590 2.6584770311471223e-06
600 3.00357906764054e-06
610 3.1787099393019574e-06
620 3.294234847919841e-06
630 3.5004088360042545e-06
640 3.6329178047106384e-06
650 3.724852122243789e-06
660 3.678547960140861e-06
670 3.641773460451968e-06
680 3.6534379396855988e-06
690 3.6518014258681913e-06
700 3.6699557599750393e-06
710 3.670120122521129e-06
720 3.6387756849590676e-06
730 3.6451098006574073e-06
740 3.5899186960184244e-06
750 3.483532811296628e-06
760 3.4128244728888065e-06
770 3.2731315349992895e-06
780 3.1354299712392276e-06
