#тут я еще нормировала на площадь всех частиц...
380 3.1387265397877346
390 2.5667602864477823
400 1.0232837392447112
410 0.364066098086059
420 3.2373755553737524
430 3.1160036398090947
440 2.5662531643108584
450 3.204022608404359
460 2.9074117701274136
470 2.2986358118081873
480 1.9914456825766245
490 1.7194301862142451
500 1.6583592551140922
510 1.2218431756461063
520 0.9209261259147242
530 0.6045395952943162
540 0.7348002550225468
550 1.3762296451321745
560 2.0283484245544523
570 2.7963955433670633
580 2.9802626221553723
590 3.558151729384925
600 3.9584499228691024
610 4.247735922668931
620 4.356929633866779
630 4.4986212320142585
640 4.7459529290692215
650 4.796502319750877
660 4.94590194794897
670 5.028429490086109
680 5.028146556028914
690 5.021537601936262
700 5.053051062169552
710 5.032032904540403
720 4.964492340182807
730 4.958893264407623
740 4.86531723100665
750 4.669732087090209
760 4.4279763985811655
770 4.230597877450882
780 4.030954214848791
