380 4.034039485345265e-06
390 3.1844428132036027e-06
400 1.735343838343855e-06
410 7.871989487527709e-07
420 3.903825646531434e-06
430 4.345143583359912e-06
440 4.13291914750411e-06
450 4.363521054763494e-06
460 3.6521516974311753e-06
470 2.4715209290514348e-06
480 2.2306792617293637e-06
490 2.1601498377777877e-06
500 1.8037059242926146e-06
510 1.5454213709342713e-06
520 1.4023812188408532e-06
530 1.163475151581908e-06
540 1.1558633782795937e-06
550 1.4718765225788359e-06
560 1.900929319845961e-06
570 2.604300468726852e-06
580 3.230915049945665e-06
590 4.055740303804634e-06
600 4.9928403725376976e-06
610 5.9029653202126904e-06
620 6.708939429226067e-06
630 7.150697778216223e-06
640 7.162210455584704e-06
650 7.263324927382312e-06
660 7.677718711256612e-06
670 7.982218788785321e-06
680 8.009725174882517e-06
690 7.77026206080063e-06
700 7.338804911837755e-06
710 6.778830318148273e-06
720 6.170853396959926e-06
730 5.653161043790598e-06
740 5.213115601664344e-06
750 4.622005556856761e-06
760 4.116557209435976e-06
770 3.7773725659890553e-06
780 3.6580460434638414e-06