380 3.1387265397877346e-06
390 2.566760286447782e-06
400 1.0232837392447112e-06
410 3.64066098086059e-07
420 3.2373755553737525e-06
430 3.116003639809095e-06
440 2.5662531643108584e-06
450 3.204022608404359e-06
460 2.9074117701274137e-06
470 2.2986358118081875e-06
480 1.9914456825766245e-06
490 1.7194301862142452e-06
500 1.6583592551140921e-06
510 1.2218431756461063e-06
520 9.209261259147243e-07
530 6.045395952943163e-07
540 7.348002550225468e-07
550 1.3762296451321745e-06
560 2.028348424554452e-06
570 2.7963955433670635e-06
580 2.9802626221553723e-06
590 3.558151729384925e-06
600 3.958449922869102e-06
610 4.247735922668931e-06
620 4.356929633866779e-06
630 4.4986212320142585e-06
640 4.745952929069222e-06
650 4.796502319750877e-06
660 4.94590194794897e-06
670 5.0284294900861086e-06
680 5.028146556028914e-06
690 5.021537601936262e-06
700 5.053051062169552e-06
710 5.032032904540403e-06
720 4.964492340182807e-06
730 4.958893264407623e-06
740 4.86531723100665e-06
750 4.6697320870902086e-06
760 4.427976398581165e-06
770 4.230597877450882e-06
780 4.030954214848791e-06