380 1.3143909708922332e-07
390 1.1212432465312486e-07
400 1.7743417015354448e-07
410 1.0620309318386285e-06
420 1.6761591311135893e-06
430 2.1802093046412977e-06
440 1.8145116167605284e-06
450 2.1545155965067384e-06
460 2.0829877341183783e-06
470 1.2581392727794548e-06
480 9.888583525659411e-07
490 1.034301349620067e-06
500 1.1323899144084098e-06
510 9.816257351187103e-07
520 9.697834762807442e-07
530 9.368674698670777e-07
540 9.55376654100783e-07
550 1.108671976470608e-06
560 1.6483561216338652e-06
570 2.1902666965247783e-06
580 2.263994572499589e-06
590 2.435807379201683e-06
600 2.4598809195108073e-06
610 2.5367797518333884e-06
620 2.7011617577099044e-06
630 3.2205618440567637e-06
640 2.758080840668088e-06
650 2.629032242170727e-06
660 2.8438255930429875e-06
670 3.140688707952319e-06
680 3.2266268485780277e-06
690 3.3130505158062714e-06
700 3.5046620525758084e-06
710 3.5708945198048487e-06
720 3.6966949362706473e-06
730 3.3082099277727796e-06
740 3.0272527203287875e-06
750 3.36498330018375e-06
760 3.249610537629525e-06
770 3.157357215398569e-06
780 3.231772308193783e-06
