380 2.026299698165807e-06
390 1.5579885118046325e-06
400 1.0571830872454998e-06
410 4.1719393701050636e-07
420 2.0438528759394958e-06
430 2.7194543341104837e-06
440 3.4038818489462526e-06
450 2.1714802183462924e-06
460 1.84268288189362e-06
470 1.6130858950880184e-06
480 1.3977769756065002e-06
490 1.2583408198769555e-06
500 1.0760221491513516e-06
510 7.284638458506392e-07
520 5.285269187406047e-07
530 4.163083180020629e-07
540 3.844594212057802e-07
550 4.856412101711749e-07
560 8.436745438534317e-07
570 1.4422308123153462e-06
580 1.5348805659934354e-06
590 2.3414124278076912e-06
600 3.4004806658485482e-06
610 4.273701713056855e-06
620 4.535015046055873e-06
630 4.205412814593294e-06
640 3.61215295525694e-06
650 2.996838384912489e-06
660 2.5059804097440793e-06
670 2.143706543928199e-06
680 1.8987911083743228e-06
690 1.7619668423583773e-06
700 1.7231927085126253e-06
710 1.7815991729541714e-06
720 1.9449880802211154e-06
730 2.2226725675975703e-06
740 2.597426338736696e-06
750 2.935004682405789e-06
760 3.31795345505383e-06
770 3.5814189466965788e-06
780 3.609043988774774e-06
