380 1.7544572140448624e-06
390 1.646331273075842e-06
400 1.5911518149018421e-06
410 1.5582819006953623e-06
420 1.5334453162972525e-06
430 1.5119615247280999e-06
440 1.4871033389592012e-06
450 1.4492485362864552e-06
460 1.3964397499941805e-06
470 1.3318981153778698e-06
480 1.2675051754988232e-06
490 1.215460982336676e-06
500 1.1828218828973822e-06
510 1.1658228421556196e-06
520 1.1605386030794867e-06
530 1.1601939133785602e-06
540 1.1610288732947353e-06
550 1.160608572079739e-06
560 1.157691939533801e-06
570 1.1515196401568838e-06
580 1.1416756589073764e-06
590 1.1274731697603048e-06
600 1.1096801800777968e-06
610 1.0882455260403287e-06
620 1.0631285280625625e-06
630 1.0349744586762306e-06
640 1.0042173968656705e-06
650 9.714431263570812e-07
660 9.377510242590229e-07
670 9.034251940691638e-07
680 8.69309742883143e-07
690 8.357063914840819e-07
700 8.033031705300389e-07
710 7.720718344847262e-07
720 7.422616941144832e-07
730 7.13950956645768e-07
740 6.867442142238673e-07
750 6.609926717892907e-07
760 6.362583761088371e-07
770 6.124990159165767e-07
780 5.894176588585283e-07
