380 1.262364864380384e-06
390 1.1203505942235104e-06
400 9.863130274759733e-07
410 8.564013593413333e-07
420 7.46737623560086e-07
430 6.698809849796167e-07
440 6.07556831940664e-07
450 5.561647404914304e-07
460 5.151394155782722e-07
470 4.821570951412652e-07
480 4.5494264138956366e-07
490 4.317519340129624e-07
500 4.114350639612028e-07
510 3.931897272428297e-07
520 3.763964596444907e-07
530 3.606340979007742e-07
540 3.4568671731057667e-07
550 3.314985963142372e-07
560 3.180999518299911e-07
570 3.0552697399742374e-07
580 2.9376846270784447e-07
590 2.8275558613283436e-07
600 2.7238425183172984e-07
610 2.625513160286179e-07
620 2.531730061580634e-07
630 2.44190745559914e-07
640 2.3556761926568266e-07
650 2.2728146277344039e-07
660 2.1932036589106236e-07
670 2.1168059064355662e-07
680 2.0436206613874936e-07
690 1.9736510304039198e-07
700 1.9068843217686945e-07
710 1.843261247637125e-07
720 1.7826621656257867e-07
730 1.724935013690838e-07
740 1.6698852217430935e-07
750 1.6173121886275698e-07
760 1.567013638119287e-07
770 1.5188000225244008e-07
780 1.4725161120181719e-07
