380.0 0.03323737466705419
390.0 0.028865628574030622
400.0 0.029744340223456806
410.0 0.03313975918615068
420.0 0.03170621464025823
430.0 0.03616710323626248
440.0 0.033941587672485826
450.0 0.0456757458115241
460.0 0.06397644121181538
470.0 0.08333742309184641
480.0 0.13489183266534616
490.0 0.2325214944657984
500.0 0.3503227932451976
510.0 0.4039018723715194
520.0 0.45360777794516227
530.0 0.5234793858974666
540.0 0.5991292764722239
550.0 0.6448868713062474
560.0 0.622631032278872
570.0 0.5825467078509109
580.0 0.5677273345470598
590.0 0.6101125203342619
600.0 0.6426800807324746
610.0 0.6508559453777671
620.0 0.7167547701364564
630.0 0.7494103909344366
640.0 0.8322597760133791
650.0 0.8321645751129536
660.0 0.8434244776450832
670.0 0.8678879607259817
680.0 0.9239953286915222
690.0 1.0
700.0 0.9818543598898967
710.0 0.9339415040678571
720.0 0.8732706463389305
730.0 0.8669496373816569
740.0 0.8639763156081508
750.0 0.8099001752484691
760.0 0.7155683007352522
770.0 0.6138849107689526
780.0 0.5479198266567545
