380.0 0.010370090958347112
390.0 0.007917616908858185
400.0 0.009707010605560203
410.0 0.015608719455773759
420.0 0.01975483729774043
430.0 0.023389564943976364
440.0 0.02046935428105575
450.0 0.028504830763504324
460.0 0.045455477180867496
470.0 0.06446458571840281
480.0 0.10420264585917594
490.0 0.17378859640412433
500.0 0.2674171295833096
510.0 0.34655325673920667
520.0 0.4657916597530367
530.0 0.6448317063080282
540.0 0.8516643181287552
550.0 1.0
560.0 0.9967467926138943
570.0 0.9249240799536048
580.0 0.8752453969333894
590.0 0.9062696366551466
600.0 0.9165432885729022
610.0 0.8848492070637429
620.0 0.9153208574482967
630.0 0.8807842238390486
640.0 0.8828156470818661
650.0 0.7870457143784
660.0 0.7097736460227043
670.0 0.6547975072274833
680.0 0.6339051471867335
690.0 0.6343819459720116
700.0 0.5856776042180988
710.0 0.5317538581570197
720.0 0.4804018219609776
730.0 0.46505196679093136
740.0 0.45488819613729947
750.0 0.4202423553597261
760.0 0.36672551925979996
770.0 0.31092673562498896
780.0 0.2741787002620209
