380.0 0.014283359107285705
390.0 0.008715379680976899
400.0 0.004923376675816524
410.0 0.003095477764855015
420.0 0.002987423730859761
430.0 0.0060534428822267
440.0 0.009567273503052452
450.0 0.015925193408989027
460.0 0.023258571336733848
470.0 0.02652346019521644
480.0 0.030771728711651396
490.0 0.030719481209420824
500.0 0.02288929277487393
510.0 0.017799177020415047
520.0 0.03273276921885459
530.0 0.08271824756342842
540.0 0.18369224223353198
550.0 0.32491514094204293
560.0 0.44787471224029196
570.0 0.5360539294068819
580.0 0.6147614936298269
590.0 0.7312942583855728
600.0 0.8160856006471371
610.0 0.8473722041006754
620.0 0.9307030204010297
630.0 0.946360728508527
640.0 1.0
650.0 0.9366208697763249
660.0 0.8821366293570321
670.0 0.8428707512975356
680.0 0.8373160389993056
690.0 0.8525670963494649
700.0 0.7952374435017735
710.0 0.7255247816972944
720.0 0.6560144765487813
730.0 0.633666960120915
740.0 0.6169060627590466
750.0 0.566156005124515
760.0 0.4900351131772466
770.0 0.41166057946454965
780.0 0.35951485314488624
