380.0 1.224950918253254e-05
390.0 1.0712116169531153e-05
400.0 1.1647237184187218e-05
410.0 1.581213078304579e-05
420.0 1.8700907541246875e-05
430.0 2.233513060840931e-05
440.0 1.9272277404479776e-05
450.0 2.2809376542470745e-05
460.0 2.6822514178449426e-05
470.0 2.8447822052020148e-05
480.0 3.802115672781357e-05
490.0 5.948988410732329e-05
500.0 9.827755250233684e-05
510.0 0.000145557282637715
520.0 0.00021802930887552459
530.0 0.000323461874652772
540.0 0.00044744171418727716
550.0 0.000545941075464745
560.0 0.0005659350774280274
570.0 0.0005492108016125623
580.0 0.0005502067063480523
590.0 0.0006156272516826209
600.0 0.0006884438110333527
610.0 0.0007462553247079646
620.0 0.0008679549729927077
630.0 0.0009271776394942166
640.0 0.0010072042269604247
650.0 0.000943590740584417
660.0 0.000865014668317917
670.0 0.000786549880529225
680.0 0.0007337368078358485
690.0 0.000701142523413377
700.0 0.0006217126091297104
710.0 0.0005512358873466849
720.0 0.000495649197631127
730.0 0.0004843746218557288
740.0 0.0004817143268376955
750.0 0.00045319918604451594
760.0 0.0004021365784221856
770.0 0.0003457535843477406
780.0 0.00030832946368588557
