380.0 0.024534021227641013
390.0 0.018717447066784708
400.0 0.018045938663838915
410.0 0.020105525979682484
420.0 0.021172234113876465
430.0 0.027619959554895226
440.0 0.028208402799546284
450.0 0.038317877814294396
460.0 0.04994223943131649
470.0 0.056438106982133814
480.0 0.07730503110761051
490.0 0.11845228114000475
500.0 0.17500971975470184
510.0 0.21445112563874946
520.0 0.2646172196022064
530.0 0.33683943399648464
540.0 0.4233043471781246
550.0 0.49583225653527113
560.0 0.5134712424972102
570.0 0.5078663717539488
580.0 0.5202169054265053
590.0 0.5905220532322129
600.0 0.6625648903041517
610.0 0.7156867033614638
620.0 0.8311836153375097
630.0 0.8963772579765289
640.0 1.0
650.0 0.9809716824648572
660.0 0.9588981250246176
670.0 0.942171990226939
680.0 0.9541441119403297
690.0 0.9827052464331247
700.0 0.9212556666791535
710.0 0.8407963362846517
720.0 0.7584064566498105
730.0 0.7300890114984095
740.0 0.7086960209981523
750.0 0.6494279531087159
760.0 0.56234210332673
770.0 0.473524082560698
780.0 0.4151398833603217
