380.0 2.159698341717468e-05
390.0 1.6719670497942955e-05
400.0 1.5780683066648967e-05
410.0 1.698836123413571e-05
420.0 1.9338820824482457e-05
430.0 2.5723677326965352e-05
440.0 2.455839318384501e-05
450.0 3.428023348393154e-05
460.0 5.1138114925762074e-05
470.0 6.757691557197298e-05
480.0 0.00010569586947780457
490.0 0.00017571047870616107
500.0 0.0002644582097931715
510.0 0.00031580429109935213
520.0 0.0003751200966732712
530.0 0.00046300727464583486
540.0 0.0005692176255365047
550.0 0.0006540056557151361
560.0 0.000662156540157838
570.0 0.0006359425701928634
580.0 0.000628124563553154
590.0 0.0006853950919488846
600.0 0.0007409034476995629
610.0 0.0007752421071260326
620.0 0.0008769294454575569
630.0 0.0009251350001297389
640.0 0.0010133571434362103
650.0 0.0009794303380172376
660.0 0.0009462808730596186
670.0 0.0009212419934341295
680.0 0.0009256176575698567
690.0 0.0009459637468735039
700.0 0.000879372268762478
710.0 0.0007953017218428723
720.0 0.0007108812913827218
730.0 0.0006789612897686835
740.0 0.0006555297219688941
750.0 0.0005996677603209512
760.0 0.0005205722114327874
770.0 0.0004413910784007411
780.0 0.00039131485198523586
