380.0 0.0246627110914097
390.0 0.02100210545849481
400.0 0.023615529753397303
410.0 0.029556542531236178
420.0 0.03174500988705507
430.0 0.03906584712292409
440.0 0.03762716244497366
450.0 0.04760849855471563
460.0 0.05623158981427388
470.0 0.0590395025655172
480.0 0.07828659292485306
490.0 0.11762186006862016
500.0 0.17158706526571868
510.0 0.21432250997961633
520.0 0.27845443674827713
530.0 0.374779445276133
540.0 0.4880549870272994
550.0 0.5766446847032769
560.0 0.5901669416878969
570.0 0.5710014805138377
580.0 0.5703355949290027
590.0 0.6318163515870808
600.0 0.6942041564021667
610.0 0.7377038673313824
620.0 0.8462216600163697
630.0 0.9036406429910012
640.0 1.0
650.0 0.975276169806456
660.0 0.9511414896004341
670.0 0.9369561666851278
680.0 0.9567157601435448
690.0 0.9991513716169312
700.0 0.9545952602375297
710.0 0.8914753596694491
720.0 0.8251531060308804
730.0 0.816506949062016
740.0 0.815287073890843
750.0 0.7684919857352179
760.0 0.6841148240703204
770.0 0.5916921958715626
780.0 0.5321996813174971
