380.0 0.019569851393564142
390.0 0.014189120398115623
400.0 0.01199864358777953
410.0 0.013249774504089543
420.0 0.015268269118570234
430.0 0.019343783263981732
440.0 0.015517952553186854
450.0 0.014751967406059776
460.0 0.013732899493101752
470.0 0.013499155872922372
480.0 0.022782351858103067
490.0 0.05415721917290931
500.0 0.11412449208013915
510.0 0.16829623208908112
520.0 0.2253891904511289
530.0 0.29911423065829773
540.0 0.38569939326063346
550.0 0.4592755106135227
560.0 0.481324903275577
570.0 0.48116454294942707
580.0 0.49746064416465896
590.0 0.568108648472712
600.0 0.6383826137426027
610.0 0.688107248051971
620.0 0.7964573144643413
630.0 0.8571507536429911
640.0 0.9573383196734805
650.0 0.9441375594840012
660.0 0.931664465360848
670.0 0.9273460541234182
680.0 0.9538761383051821
690.0 1.0
700.0 0.9560038839256253
710.0 0.8914755166453358
720.0 0.8232930545576581
730.0 0.8132176090071978
740.0 0.8118094255569671
750.0 0.7666333853373497
760.0 0.6853987544190769
770.0 0.5968084553411024
780.0 0.5416561986750633
