380.0 1.8860089624043032e-05
390.0 1.4776727353754819e-05
400.0 1.4480017607765413e-05
410.0 1.6052100088888842e-05
420.0 1.6697076886506588e-05
430.0 1.9368654216074263e-05
440.0 1.8141613519567396e-05
450.0 2.698739983854636e-05
460.0 4.179165062290484e-05
470.0 5.4584322256741214e-05
480.0 8.244979278032085e-05
490.0 0.00013449559791255792
500.0 0.00020690121409186525
510.0 0.00026091721263001504
520.0 0.00032862977506702774
530.0 0.0004222639054640666
540.0 0.0005273179368276184
550.0 0.0006056121613713083
560.0 0.0006121662694995671
570.0 0.0005928919585634298
580.0 0.0005976854314726716
590.0 0.000669638903248779
600.0 0.0007413515828631794
610.0 0.0007876740090091032
620.0 0.0008950036501676443
630.0 0.0009381909281359438
640.0 0.0010106697490247626
650.0 0.0009518687313986663
660.0 0.0008895096725886224
670.0 0.0008336941251108911
680.0 0.0008056773470850507
690.0 0.0007944414439231464
700.0 0.000717271929419264
710.0 0.0006352903302507575
720.0 0.0005603937191667478
730.0 0.0005309915176957585
740.0 0.0005098380461313977
750.0 0.00046381335502278486
760.0 0.0003998367734848602
770.0 0.00033598908403185556
780.0 0.0002946304924688505
