380 0.16637432417822207
390 0.12413558048960778
400 0.0970186048135398
410 2.2228689759274154
420 2.041263978976581
430 1.9304667691240924
440 1.8461793264891109
450 1.761744520426075
460 1.6780681445868708
470 1.605009554586832
480 1.5442905557683604
490 1.491907500796751
500 1.4414406514147884
510 1.385532572575894
520 1.318135422829861
530 1.2406396514417988
540 1.1654180686377376
550 1.1055106997933897
560 1.0629803218647227
570 1.032634028404774
580 1.0090634537366305
590 0.9888559422829005
600 0.9701831327261825
610 0.9521030158289095
620 0.9341111225517524
630 0.9159230681597798
640 0.8973732063555799
650 0.8783619128953698
660 0.8588405396112233
670 0.8387975834779269
680 0.8182522072860993
690 0.797245263522359
700 0.7758400784476761
710 0.7541175656136232
720 0.7321685148354431
730 0.7101007343070365
740 0.6880267686888466
750 0.666068265018824
760 0.6443479977787818
770 0.6229873414828335
780 0.6021058653899514
