380 [4.77803989e-05 1.72461501e-06]
390 [3.97480461e-05 4.01774254e-06]
400 [3.93169157e-05 5.42140631e-06]
410 [4.54558321e-05 8.15906400e-06]
420 [4.91176110e-05 9.67862272e-06]
430 [5.98681171e-05 1.32792368e-05]
440 [5.67258716e-05 1.41005392e-05]
450 [7.49812213e-05 1.85880152e-05]
460 [1.00351468e-04 2.07473655e-05]
470 [1.26386033e-04 1.82927938e-05]
480 [2.04331342e-04 1.96946444e-05]
490 [3.55934259e-04 2.67209327e-05]
500 [5.39461266e-04 3.83182232e-05]
510 [6.29672243e-04 4.49940132e-05]
520 [7.37010533e-04 4.98630823e-05]
530 [9.23945844e-04 5.20719959e-05]
540 [1.18486033e-03 4.82208621e-05]
550 [1.43459931e-03 3.86254464e-05]
560 [1.52478881e-03 2.85637115e-05]
570 [1.52083155e-03 2.34708690e-05]
580 [1.53767274e-03 2.10995385e-05]
590 [1.68719780e-03 1.67448345e-05]
600 [1.79808472e-03 2.95647868e-06]
610 [ 1.82313678e-03 -2.10224773e-05]
620 [ 1.97635830e-03 -5.59133042e-05]
630 [ 1.98975375e-03 -9.25238009e-05]
640 [ 0.00208237 -0.00013359]
650 [ 0.00193128 -0.00015472]
660 [ 0.00180053 -0.00016953]
670 [ 0.00170144 -0.00018127]
680 [ 0.00166864 -0.00019621]
690 [ 0.00167277 -0.00021335]
700 [ 0.00153133 -0.00020899]
710 [ 0.00136704 -0.00019739]
720 [ 0.0012066 -0.0001826]
730 [ 0.00113599 -0.00017869]
740 [ 0.00107726 -0.00017481]
750 [ 0.0009631  -0.00015998]
760 [ 0.00081259 -0.00013706]
770 [ 0.00066606 -0.00011306]
780 [ 5.68124960e-04 -9.59938907e-05]
