380 [1.25224996e-05 2.32496582e-05]
390 [1.27330837e-05 1.97898108e-05]
400 [1.31446656e-05 1.90694531e-05]
410 [1.67123821e-05 2.03436707e-05]
420 [1.79117964e-05 2.04513009e-05]
430 [2.00141982e-05 2.20525190e-05]
440 [1.89783792e-05 1.63183687e-05]
450 [2.73440370e-05 1.58077497e-05]
460 [4.12532696e-05 1.55794083e-05]
470 [5.74267434e-05 1.45173345e-05]
480 [9.83178141e-05 1.87241852e-05]
490 [1.75437927e-04 3.01718989e-05]
500 [2.68488289e-04 4.54957959e-05]
510 [3.15156181e-04 5.13734203e-05]
520 [3.68298844e-04 5.37547739e-05]
530 [4.50317784e-04 5.34949477e-05]
540 [5.43236250e-04 4.44290682e-05]
550 [5.99190610e-04 2.04263151e-05]
560 [ 5.71943998e-04 -1.25179371e-05]
570 [ 5.16612096e-04 -3.94250910e-05]
580 [ 4.86881307e-04 -5.49934636e-05]
590 [ 5.19467316e-04 -6.07106488e-05]
600 [ 5.63334425e-04 -4.72432915e-05]
610 [ 6.03404233e-04 -1.37439544e-05]
620 [7.07223140e-04 3.65446672e-05]
630 [7.75653362e-04 9.85845652e-05]
640 [0.00087926 0.00017294]
650 [0.00087013 0.00022494]
660 [0.00084845 0.00026602]
670 [0.00082007 0.00029863]
680 [0.00080405 0.00033243]
690 [0.00078784 0.00036639]
700 [0.00068949 0.00036069]
710 [0.00057568 0.00034126]
720 [0.00046487 0.0003165 ]
730 [0.0003913  0.00031181]
740 [0.00032333 0.0003091 ]
750 [0.00024418 0.00028913]
760 [0.00016695 0.00025561]
770 [0.00010422 0.00021983]
780 [6.07560200e-05 1.96868935e-04]
