380 [3.29986578e-05 4.40436269e-06]
390 [2.94311672e-05 8.02104751e-06]
400 [2.99009229e-05 9.02290589e-06]
410 [3.32968079e-05 1.22030797e-05]
420 [3.56117081e-05 1.47122716e-05]
430 [4.52871520e-05 1.92148149e-05]
440 [4.22137259e-05 1.88711589e-05]
450 [5.21483545e-05 2.45325538e-05]
460 [6.80291488e-05 3.28306889e-05]
470 [8.75181224e-05 4.38491694e-05]
480 [1.43580394e-04 7.74239955e-05]
490 [0.00025229 0.00014639]
500 [0.00039244 0.0002361 ]
510 [0.00047382 0.00028419]
520 [0.00056049 0.00032861]
530 [0.00068285 0.00039075]
540 [0.00082938 0.0004672 ]
550 [0.00095354 0.00053621]
560 [0.00098634 0.00056295]
570 [0.00098664 0.00058039]
580 [0.00102196 0.00062586]
590 [0.00115716 0.00074022]
600 [0.0012679  0.00084557]
610 [0.0013103  0.00090689]
620 [0.00143517 0.00102521]
630 [0.0014508  0.00106372]
640 [0.00151937 0.00113767]
650 [0.00140806 0.00107296]
660 [0.0013102  0.00101492]
670 [0.00123255 0.00097219]
680 [0.00119725 0.00096586]
690 [0.0011797  0.00097989]
700 [0.0010517  0.00090664]
710 [0.00090572 0.00081722]
720 [0.00076485 0.00072821]
730 [0.0006848  0.00069296]
740 [0.00061561 0.00066584]
750 [0.00052154 0.00060526]
760 [0.00041797 0.00052132]
770 [0.00032689 0.000438  ]
780 [0.00026762 0.0003843 ]
