380 [-3.46227748e-05 -7.18940111e-06]
390 [-3.02076181e-05 -5.53331409e-06]
400 [-3.12625378e-05 -4.90563019e-06]
410 [-3.50625115e-05 -3.70274348e-06]
420 [-3.37320127e-05 -1.46249199e-07]
430 [-3.82692228e-05  4.00558829e-06]
440 [-3.57498932e-05  5.09086550e-06]
450 [-4.81796227e-05  6.33675888e-06]
460 [-6.75378835e-05  8.45218945e-06]
470 [-8.80122818e-05  1.07215152e-05]
480 [-1.42670589e-04  1.55157461e-05]
490 [-2.46315738e-04  2.29249188e-05]
500 [-3.71307119e-04  3.23003843e-05]
510 [-4.27797641e-04  4.05198593e-05]
520 [-4.79467680e-04  5.48476738e-05]
530 [-5.51384070e-04  7.84087888e-05]
540 [-0.00062806  0.00010883]
550 [-0.0006726   0.00013541]
560 [-0.00064709  0.00014167]
570 [-0.00060522  0.0001335 ]
580 [-0.0005916   0.00012182]
590 [-0.00063895  0.00011433]
600 [-6.76802158e-04  9.72198590e-05]
610 [-6.88872848e-04  7.02685273e-05]
620 [-7.61405691e-04  4.18944647e-05]
630 [-7.97291493e-04  3.63855624e-06]
640 [-8.84492110e-04 -4.10350484e-05]
650 [-8.8137936e-04 -8.3673399e-05]
660 [-0.00088874 -0.00012377]
670 [-0.00090892 -0.0001626 ]
680 [-0.00096122 -0.00020596]
690 [-0.00103304 -0.0002544 ]
700 [-0.00100698 -0.0002778 ]
710 [-0.00095067 -0.00028899]
720 [-0.00088193 -0.00029219]
730 [-0.00086828 -0.00031115]
740 [-0.00085769 -0.00033057]
750 [-0.0007965  -0.00032868]
760 [-0.00069681 -0.00030664]
770 [-0.00059164 -0.00027662]
780 [-0.00052246 -0.00025856]
