380 3.5361335180613024e-05
390 3.07102223755702e-05
400 3.164508613884054e-05
410 3.52574817994834e-05
420 3.3732329777356635e-05
430 3.847828153879463e-05
440 3.611054935210107e-05
450 4.859455277214695e-05
460 6.806471341421063e-05
470 8.86629157855964e-05
480 0.00014351179525423175
490 0.0002473802634794828
500 0.00037270939228636614
510 0.00042971232331305944
520 0.0004825945742445006
530 0.0005569311719198549
540 0.0006374153005186851
550 0.0006860969326930954
560 0.0006624188837660576
570 0.0006197730597265746
580 0.0006040066873276275
590 0.0006491004041547707
600 0.0006837491220752505
610 0.0006924474471689013
620 0.0007625573897754791
630 0.0007972997953997414
640 0.0008854434861885367
650 0.000885342201686281
660 0.0008973216432495263
670 0.0009233484108138846
680 0.0009830411953555618
690 0.001063902776161926
700 0.0010445975792735518
710 0.0009936229589506379
720 0.0009290750649807076
730 0.0009223501260029199
740 0.000919186800713664
750 0.0008616550448608767
760 0.0007612951016857068
770 0.0006531138608110048
780 0.0005829334246942825
