380 [1.31255636e-05 2.49709535e-06]
390 [8.42284536e-06 2.14771794e-06]
400 [7.58963347e-06 3.63809775e-06]
410 [9.58883335e-06 4.20476857e-06]
420 [1.00771991e-05 3.82853993e-06]
430 [9.40389905e-06 3.43325076e-06]
440 [6.91443733e-06 2.71367720e-06]
450 [1.35502161e-05 4.81092260e-06]
460 [3.07572913e-05 8.93668016e-06]
470 [5.15169564e-05 1.17368231e-05]
480 [8.89075662e-05 1.52890107e-05]
490 [1.45058785e-04 1.89635662e-05]
500 [1.89163646e-04 2.05527545e-05]
510 [1.75642121e-04 1.88142159e-05]
520 [1.52463373e-04 1.89293514e-05]
530 [1.36138746e-04 2.08634032e-05]
540 [1.22319795e-04 2.36629971e-05]
550 [9.98941946e-05 2.69915359e-05]
560 [6.30997985e-05 2.98016094e-05]
570 [2.48452352e-05 3.25900872e-05]
580 [-8.28105286e-06  3.57614404e-05]
590 [-3.90275298e-05  4.08298020e-05]
600 [-6.55577740e-05  4.34922481e-05]
610 [-8.16934293e-05  4.35144935e-05]
620 [-9.33189201e-05  4.78986230e-05]
630 [-8.56000641e-05  5.21354772e-05]
640 [-6.83350660e-05  6.26561836e-05]
650 [-3.6247871e-05  6.8487122e-05]
660 [-6.78746532e-06  7.44182264e-05]
670 [1.62764727e-05 7.92007734e-05]
680 [3.26486846e-05 8.38056462e-05]
690 [4.27379136e-05 8.68228231e-05]
700 [4.22890697e-05 7.89950883e-05]
710 [3.60999980e-05 6.79071457e-05]
720 [2.75187639e-05 5.64660709e-05]
730 [2.00844975e-05 4.95766510e-05]
740 [1.25320300e-05 4.39498622e-05]
750 [4.94872128e-06 3.72879337e-05]
760 [-1.48046554e-06  3.05579688e-05]
770 [-6.31151648e-06  2.49705862e-05]
780 [-1.01989522e-05  2.17528558e-05]
