380 [-4.94927305e-05 -1.15286112e-05]
390 [-3.97276234e-05 -1.05153219e-05]
400 [-3.82539504e-05 -1.00698701e-05]
410 [-3.98225939e-05 -9.93017380e-06]
420 [-3.56119864e-05 -9.08430795e-06]
430 [-3.54643736e-05 -9.29810471e-06]
440 [-2.88235012e-05 -6.78485472e-06]
450 [-3.37573793e-05 -6.59502350e-06]
460 [-3.99502554e-05 -6.35800479e-06]
470 [-4.32569707e-05 -5.54703943e-06]
480 [-5.86831743e-05 -5.66021516e-06]
490 [-8.87195958e-05 -4.98699955e-06]
500 [-1.31441409e-04 -2.60899729e-06]
510 [-1.70720618e-04 -6.74767903e-07]
520 [-2.32074415e-04  1.13113326e-06]
530 [-3.24725266e-04  8.41318362e-06]
540 [-4.37802289e-04  2.79976100e-05]
550 [-5.36808597e-04  6.11554764e-05]
560 [-5.74481781e-04  9.52965696e-05]
570 [-0.00058596  0.00012247]
580 [-0.00061885  0.00014628]
590 [-0.00072009  0.00017846]
600 [-0.0008174  0.0002029]
610 [-0.00087795  0.00021357]
620 [-0.00099586  0.00023549]
630 [-0.00103289  0.00023646]
640 [-0.00109587  0.00024155]
650 [-0.00101639  0.00021356]
660 [-0.00093891  0.0001852 ]
670 [-0.00087549  0.00015874]
680 [-0.00084764  0.00013765]
690 [-0.00084181  0.00011874]
700 [-7.66940310e-04  9.08944697e-05]
710 [-6.84168764e-04  6.57781533e-05]
720 [-6.05218567e-04  4.54266930e-05]
730 [-5.72056570e-04  3.20038551e-05]
740 [-5.45023127e-04  2.12688164e-05]
750 [-4.89684430e-04  1.18152538e-05]
760 [-4.15218584e-04  4.50916346e-06]
770 [-3.42077720e-04 -4.49654324e-07]
780 [-2.93322787e-04 -3.82409819e-06]
