380 5.081770607530528e-05
390 4.109569388102334e-05
400 3.955713600823131e-05
410 4.1042019205497284e-05
420 3.675239076373208e-05
430 3.6663013313558526e-05
440 2.9611289669635133e-05
450 3.439556644959987e-05
460 4.0453023749981433e-05
470 4.3611181622819235e-05
480 5.895551698282295e-05
490 8.885964688971603e-05
500 0.00013146730010062279
510 0.00017072195153523034
520 0.00023207717115545604
530 0.0003248342342079295
540 0.00043869660445718377
550 0.0005402809108513584
560 0.0005823321674792924
570 0.0005986271469399895
580 0.0006359010410230798
590 0.000741870768912485
600 0.0008422090497286739
610 0.0009035566677848186
620 0.0010233190682790538
630 0.0010596129069170477
640 0.0011221771162556215
650 0.0010385799913794071
660 0.0009570018390372233
670 0.0008897617232017189
680 0.0008587388466410572
690 0.0008501444212914425
700 0.0007723077385653077
710 0.0006873235506593717
720 0.0006069209985741585
730 0.0005729511023995294
740 0.0005454379629388916
750 0.0004898269501946319
760 0.00041524306712704105
770 0.00034207801551619656
780 0.0002933477135803128
