380 [ 6.74007608e-06 -5.50121313e-07]
390 [ 9.64650239e-06 -2.23985159e-06]
400 [ 1.08677973e-05 -2.15963885e-06]
410 [ 8.45121595e-06 -2.47354427e-06]
420 [ 6.67397645e-06 -3.16196245e-06]
430 [ 6.73264627e-06 -3.18601776e-06]
440 [ 3.93711987e-06 -1.54436431e-06]
450 [3.48891382e-06 4.26217051e-07]
460 [5.53787657e-06 3.65176323e-06]
470 [8.52075660e-06 6.06153836e-06]
480 [1.46654193e-05 8.29868119e-06]
490 [2.72553011e-05 9.76202783e-06]
500 [4.24443959e-05 8.16196703e-06]
510 [3.88133853e-05 3.00668012e-06]
520 [ 1.23595345e-05 -1.64452278e-06]
530 [-4.00733770e-05 -3.94183776e-06]
540 [-1.13690513e-04 -2.37259537e-06]
550 [-1.82884158e-04  4.31968028e-06]
560 [-2.10941857e-04  1.52474149e-05]
570 [-2.06785284e-04  2.74385484e-05]
580 [-1.98969975e-04  3.87492603e-05]
590 [-2.14444065e-04  4.90178504e-05]
600 [-2.43747535e-04  5.00344154e-05]
610 [-2.87324359e-04  3.90349947e-05]
620 [-3.79812849e-04  2.28616682e-05]
630 [-4.68141339e-04  2.18186596e-06]
640 [-5.87136232e-04 -1.56873443e-05]
650 [-6.33660283e-04 -2.54439729e-05]
660 [-6.68931863e-04 -2.89882065e-05]
670 [-7.00327541e-04 -2.96302201e-05]
680 [-7.48778742e-04 -3.07368819e-05]
690 [-8.09105654e-04 -3.36469385e-05]
700 [-7.92071845e-04 -3.53083811e-05]
710 [-7.51747590e-04 -3.74129098e-05]
720 [-7.02451942e-04 -3.97145064e-05]
730 [-6.98036649e-04 -4.48387304e-05]
740 [-6.97216061e-04 -5.04452374e-05]
750 [-6.55695753e-04 -5.28212232e-05]
760 [-5.81545990e-04 -5.15657182e-05]
770 [-5.00949323e-04 -4.83962898e-05]
780 [-4.48927667e-04 -4.68165162e-05]
