380 [4.53514025e-06 7.69258914e-07]
390 [8.89292783e-06 2.70634273e-06]
400 [1.05756966e-05 3.11227443e-06]
410 [8.44167888e-06 1.23991913e-06]
420 [ 5.52238609e-06 -7.13090631e-07]
430 [ 2.33512564e-06 -1.95560296e-06]
440 [-3.11643089e-06 -3.35333349e-06]
450 [-8.34015866e-06 -6.75144006e-06]
460 [-7.26379830e-06 -1.01646011e-05]
470 [ 4.79383865e-06 -1.04599327e-05]
480 [ 2.76296025e-05 -9.94111443e-06]
490 [ 6.61144377e-05 -6.36969889e-06]
500 [1.19352581e-04 1.08534777e-06]
510 [1.75401562e-04 7.25600890e-06]
520 [2.71883157e-04 1.05272853e-05]
530 [4.36706453e-04 1.24736105e-05]
540 [6.62764582e-04 1.08603595e-05]
550 [ 8.80551768e-04 -4.43631966e-07]
560 [ 9.74918060e-04 -2.22744884e-05]
570 [ 9.84895196e-04 -4.72691585e-05]
580 [ 9.99773351e-04 -7.15363850e-05]
590 [ 1.10727635e-03 -9.89801924e-05]
600 [ 0.00120674 -0.00011987]
610 [ 0.00126896 -0.00012884]
620 [ 0.00144091 -0.00014066]
630 [ 0.00152532 -0.00013667]
640 [ 0.00167587 -0.00013246]
650 [ 0.00162449 -0.0001088 ]
660 [ 1.57484464e-03 -8.51386871e-05]
670 [ 1.54043934e-03 -6.27512246e-05]
680 [ 1.55770086e-03 -4.27703009e-05]
690 [ 1.60460809e-03 -2.34545048e-05]
700 [ 1.50466564e-03 -3.90430303e-06]
710 [1.37210164e-03 1.15155860e-05]
720 [1.23436085e-03 2.25349997e-05]
730 [1.18280963e-03 3.20079613e-05]
740 [1.14117857e-03 3.99826510e-05]
750 [1.03844336e-03 4.40929905e-05]
760 [8.9293811e-04 4.4405889e-05]
770 [7.47336363e-04 4.27696242e-05]
780 [6.52287385e-04 4.26276988e-05]
