380 4.599919172313756e-06
390 9.295614902888029e-06
400 1.1024137616322023e-05
410 8.53225303167477e-06
420 5.568235476500315e-06
430 3.04584876037517e-06
440 4.577880187393661e-06
450 1.0730339668998454e-05
460 1.2493273459324289e-05
470 1.1506132354322516e-05
480 2.9363594645570326e-05
490 6.642056859936624e-05
500 0.00011935751558438389
510 0.00017555158101420032
520 0.0002720868881941726
530 0.00043688455802974997
540 0.0006628535573250899
550 0.0008805518797189638
560 0.0009751724857504372
570 0.0009860288638396336
580 0.0010023293910330542
590 0.0011116914988157963
600 0.0012126828759987985
610 0.0012754814661658555
620 0.001447763212557827
630 0.001531431203733014
640 0.0016810934627620707
650 0.001628125789630841
660 0.0015771443276933206
670 0.0015417169297718182
680 0.0015582879278455695
690 0.0016047794989919473
700 0.0015046707102095238
710 0.0013721499637824313
720 0.001234566532607379
730 0.0011832426360621276
740 0.001141878781179703
750 0.0010393790494251406
760 0.0008940415821239276
770 0.0007485592027618886
780 0.0006536787841171007
