380 [-3.36246824e-06  1.30481754e-05]
390 [-1.60942484e-06  1.16728988e-05]
400 [5.04034440e-06 1.17788484e-05]
410 [1.08204731e-05 1.36178475e-05]
420 [1.29972220e-05 1.59448484e-05]
430 [1.37684818e-05 2.03481488e-05]
440 [1.03683953e-05 1.84909545e-05]
450 [1.06496730e-05 2.27180178e-05]
460 [9.97647104e-06 2.77669087e-05]
470 [8.47434974e-06 3.01232880e-05]
480 [1.20433713e-05 4.00517580e-05]
490 [2.74529580e-05 5.94018614e-05]
500 [6.55598579e-05 8.59573301e-05]
510 [0.00011816 0.00010805]
520 [0.00019165 0.00014419]
530 [0.00029167 0.00020379]
540 [0.00040296 0.00028261]
550 [0.00048338 0.00035636]
560 [0.0004874  0.00038728]
570 [0.00045673 0.00039544]
580 [0.00044057 0.00041497]
590 [0.0004764  0.00048128]
600 [0.00051962 0.00055089]
610 [0.00055428 0.00060549]
620 [0.00063612 0.00071197]
630 [0.0006667  0.00077181]
640 [0.00070071 0.0008582 ]
650 [0.0006207  0.00083191]
660 [0.00051924 0.00079735]
670 [0.00040698 0.00076351]
680 [0.00029679 0.00075056]
690 [0.00018296 0.00074924]
700 [5.91808671e-05 6.81318408e-04]
710 [-4.11923287e-05  6.04958681e-04]
720 [-0.00011333  0.00053331]
730 [-0.00017144  0.00050448]
740 [-0.00021593  0.00048389]
750 [-0.00023373  0.00044033]
760 [-0.00022627  0.0003801 ]
770 [-0.00020578  0.00031985]
780 [-0.00019064  0.00028051]
