380 1.3474460100785796e-05
390 1.178332778648427e-05
400 1.2811960902605941e-05
410 1.739334386135037e-05
420 2.0570998295371564e-05
430 2.4568643669250244e-05
440 2.1199505144927757e-05
450 2.5090314196717823e-05
460 2.9504765596294373e-05
470 3.1292604257222165e-05
480 4.182327240059493e-05
490 6.543887251805563e-05
500 0.00010810530775257053
510 0.00016011301090148653
520 0.00023983223976307706
530 0.00035580806211804925
540 0.0004921858856060049
550 0.0006005351830112196
560 0.0006225285851708301
570 0.0006041318817738186
580 0.0006052273769828576
590 0.0006771899768508831
600 0.000757288192136688
610 0.0008208808571787612
620 0.0009547504702919785
630 0.0010198954034436384
640 0.0011079246496564672
650 0.0010379498146428588
660 0.0009515161351497087
670 0.0008652048685821476
680 0.0008071104886194334
690 0.0007712567757547147
700 0.0006838838700426815
710 0.0006063594760813535
720 0.0005452141173942398
730 0.0005328120840413017
740 0.000529885759521465
750 0.0004985191046489676
760 0.00044235023626440425
770 0.0003803289427825147
780 0.00033916241005447416
