380 [-5.05515105e-05 -3.61429060e-06]
390 [-3.83826382e-05 -4.66514103e-06]
400 [-3.69657032e-05 -4.81483937e-06]
410 [-4.12921935e-05 -4.46127916e-06]
420 [-4.35749629e-05 -3.74996951e-06]
430 [-5.68983342e-05 -4.22864557e-06]
440 [-5.81210194e-05 -4.17552375e-06]
450 [-7.89563522e-05 -5.59322433e-06]
460 [-1.02976139e-04 -6.27177277e-06]
470 [-1.16483119e-04 -4.88802886e-06]
480 [-1.59646282e-04 -3.77759746e-06]
490 [-2.44669231e-04 -3.17956938e-06]
500 [-3.61500097e-04 -3.98213632e-06]
510 [-4.42947488e-04 -6.63268793e-06]
520 [-5.46517869e-04 -1.08982270e-05]
530 [-6.95647642e-04 -1.53866309e-05]
540 [-8.74256542e-04 -1.74440606e-05]
550 [-1.02416319e-03 -1.35862133e-05]
560 [-1.06068781e-03 -2.43580842e-06]
570 [-1.04903462e-03  1.27816359e-05]
580 [-1.07419767e-03  3.03132593e-05]
590 [-1.21873461e-03  5.23034328e-05]
600 [-1.36670547e-03  7.34390739e-05]
610 [-1.47578676e-03  8.80689838e-05]
620 [-0.00171378  0.000105  ]
630 [-0.00184837  0.0001105 ]
640 [-0.00206242  0.00011674]
650 [-0.00202358  0.00010728]
660 [-1.97834493e-03  9.89958569e-05]
670 [-1.94399791e-03  9.39881082e-05]
680 [-1.96871984e-03  9.47747176e-05]
690 [-2.02754147e-03  9.98620626e-05]
700 [-1.90056489e-03  9.74436390e-05]
710 [-1.73435114e-03  9.32160597e-05]
720 [-1.56418660e-03  8.79902808e-05]
730 [-1.50559586e-03  8.79661932e-05]
740 [-1.46134491e-03  8.76544209e-05]
750 [-1.33907801e-03  8.12356278e-05]
760 [-1.15953826e-03  6.99192875e-05]
770 [-9.76487402e-04  5.73615869e-05]
780 [-8.56224493e-04  4.79309090e-05]
