380 5.068055161346996e-05
390 3.866510643888379e-05
400 3.7277954452725455e-05
410 4.153249635168893e-05
420 4.373602247363663e-05
430 5.7055252899461716e-05
440 5.827081507556908e-05
450 7.915421472359696e-05
460 0.00010316695415342148
470 0.00011658563295983566
480 0.00015969096882561328
490 0.0002446898896983829
500 0.0003615220290465162
510 0.0004429971442780233
520 0.0005466265204316863
530 0.000695817785503411
540 0.0008744305556888083
550 0.0010242533026199425
560 0.001060690604526495
570 0.0010491124804857994
580 0.0010746252919991725
590 0.0012198564238629316
600 0.0013686771446378711
610 0.001478412224895282
620 0.0017169971333490036
630 0.0018516692989911548
640 0.0020657254325830293
650 0.0020264181531114193
660 0.001980820244119534
670 0.0019462686420791571
680 0.0019709997583844878
690 0.002029999220289679
700 0.0019030612605703615
710 0.0017368543754858383
720 0.0015666595057366923
730 0.0015081634391016683
740 0.0014639713945462799
750 0.0013415398393670135
760 0.0011616443846542597
770 0.00097817074028618
780 0.0008575650151369688
