380 7.559128632969661e-06
390 7.97170308326882e-06
400 6.490602433502133e-06
410 3.704580563744794e-06
420 6.694911937941056e-06
430 1.2780496969196196e-05
440 1.1015924251625507e-05
450 9.105248512037302e-06
460 9.139636305909218e-06
470 1.4580305889743727e-05
480 2.300672402736761e-05
490 3.7394239741053976e-05
500 7.451058705563838e-05
510 0.00011058126210978053
520 0.00013753095713780225
530 0.00015720455450201942
540 0.00016551625786799344
550 0.00015542692220370168
560 0.00012489682012713753
570 9.247684358200773e-05
580 6.735670026502135e-05
590 5.0453646133350274e-05
600 3.4788845519034574e-05
610 2.9554714354021474e-05
620 4.7139792389939116e-05
630 7.355419315623139e-05
640 0.00010978564745899395
650 0.00013605699947619995
660 0.00016203006197802812
670 0.00018959075668814861
680 0.0002247174224359123
690 0.00026663484747321207
700 0.0002832653213790592
710 0.0002878709551907904
720 0.0002839713131808018
730 0.00029380461012056886
740 0.00030181069350212016
750 0.00028881542746036695
760 0.00025857085141176435
770 0.00022361884208140786
780 0.00020063164563637842
