380 [-3.93390550e-05 -2.59260299e-06]
390 [-3.48671878e-05 -1.53854836e-06]
400 [-3.98058207e-05 -3.37910520e-06]
410 [-4.72867028e-05 -5.52894088e-06]
420 [-4.95916970e-05 -5.87587987e-06]
430 [-5.72537951e-05 -7.81199831e-06]
440 [-5.07964366e-05 -8.22625153e-06]
450 [-6.41320203e-05 -1.06468476e-05]
460 [-8.50773151e-05 -1.38259687e-05]
470 [-1.06312698e-04 -1.82877065e-05]
480 [-1.65932625e-04 -3.09625686e-05]
490 [-2.76872059e-04 -5.42121615e-05]
500 [-4.07029182e-04 -8.28475079e-05]
510 [-0.00046343 -0.00010262]
520 [-0.00052714 -0.00013469]
530 [-0.00064331 -0.00019128]
540 [-0.00081424 -0.00026938]
550 [-0.00099321 -0.00034471]
560 [-0.00108191 -0.0003768 ]
570 [-0.00111414 -0.00037982]
580 [-0.00116142 -0.00038325]
590 [-0.00130885 -0.00041665]
600 [-0.00143242 -0.00044139]
610 [-0.00150044 -0.0004522 ]
620 [-0.0016976  -0.00050846]
630 [-0.00180211 -0.00054564]
640 [-0.00200245 -0.00062113]
650 [-0.00197703 -0.00063266]
660 [-0.00196012 -0.0006479 ]
670 [-0.00196261 -0.00066826]
680 [-0.00202884 -0.00070827]
690 [-0.00213196 -0.0007591 ]
700 [-0.00203549 -0.00073558]
710 [-0.0018882  -0.00068963]
720 [-0.00172875 -0.00063595]
730 [-0.00168868 -0.00062411]
740 [-0.00166493 -0.00061722]
750 [-0.00155261 -0.00057693]
760 [-0.00137184 -0.00051101]
770 [-0.00118233 -0.00044185]
780 [-0.00106414 -0.00039948]
