380 3.942439392006669e-05
390 3.49011162175088e-05
400 3.994898890630938e-05
410 4.760883790188713e-05
420 4.993858604083626e-05
430 5.7784291775250236e-05
440 5.1458227611365845e-05
450 6.500977921772409e-05
460 8.619342753459566e-05
470 0.00010787413982594498
480 0.00016879667282727564
490 0.00028212957182467436
500 0.00041537508916957304
510 0.0004746557474336864
520 0.0005440803404469982
530 0.0006711488009210487
540 0.0008576482671099504
550 0.0010513241432420835
560 0.001145645676113583
570 0.0011771046389910955
580 0.0012230219089154502
590 0.0013735718849585074
600 0.0014988847209362554
610 0.001567105723559522
620 0.0017721150875146102
630 0.0018829086938986848
640 0.002096570841055125
650 0.0020757883250056243
660 0.0020644189763938054
670 0.0020732600338311774
680 0.0021489172580968336
690 0.0022630644803721266
700 0.002164323187708712
710 0.0020102006226022694
720 0.0018420081273591588
730 0.0018003183161046437
740 0.0017756576141058505
750 0.0016563357353933917
760 0.0014639202109466621
770 0.001262193860645369
780 0.001136654048578297
