380 7.421598164611213e-05
390 6.315911531181191e-05
400 6.334052313529872e-05
410 7.169343889571516e-05
420 7.882237975973734e-05
430 9.7564676661048e-05
440 8.812218199219803e-05
450 0.00010970363978328073
460 0.00014182826616765154
470 0.0001700873675207291
480 0.0002569191495401099
490 0.0004289916260046829
500 0.0006540909407150541
510 0.0007877470630222263
520 0.0009427437934069401
530 0.0011806460346511032
540 0.001491144151211422
550 0.0017810914822082322
560 0.001889113705815456
570 0.001904990227738985
580 0.0019660271282647963
590 0.002213360444602461
600 0.002425164586693617
610 0.0025279303423004092
620 0.0028116403462450147
630 0.0028930654925797463
640 0.0030781980392097655
650 0.0028868973457678157
660 0.0027102864256544168
670 0.002573181029451166
680 0.002534873603606958
690 0.0025564915254304545
700 0.0023613655552156454
710 0.002135545012133315
720 0.001918673905651378
730 0.0018483933863144592
740 0.0018031947283905553
750 0.001666823331956395
760 0.0014605658202786987
770 0.0012478512637215397
780 0.0011124184460911588
