380 3.817737897884807e-05
390 3.26133183183458e-05
400 3.204279625014404e-05
410 3.5363395322517045e-05
420 3.884894324905549e-05
430 4.8513703484243e-05
440 4.462340778508853e-05
450 5.847997132790411e-05
460 8.136411440624925e-05
470 0.00010357721277371624
480 0.00015821725081022339
490 0.00025253253081788224
500 0.00035301048784947627
510 0.00038095178858010175
520 0.00040794986468346524
530 0.0004653395082716637
540 0.0005468320408452309
550 0.0006166753781823667
560 0.0006255847189386346
570 0.000613986413780178
580 0.0006300942640166333
590 0.0007200913835556589
600 0.000812256688960683
610 0.00087536925735005
620 0.0010031956970176924
630 0.0010576024303242256
640 0.0011499197176444169
650 0.0011054769467962072
660 0.0010726542671701503
670 0.001063939562800876
680 0.001105802406990825
690 0.001184306675081124
700 0.0011641371236298357
710 0.0011179959864642155
720 0.0010609531559066128
730 0.0010716575040547879
740 0.0010871796883075366
750 0.0010365607934848392
760 0.0009298732242478785
770 0.0008080893183911222
780 0.0007287729739884216
