380 [ 2.17695774e-05 -6.55057890e-06]
390 [ 1.6647259e-05 -2.9025047e-06]
400 [ 1.58645964e-05 -2.16863367e-06]
410 [ 1.50639932e-05 -2.97942201e-06]
420 [ 1.16402248e-05 -3.12151800e-06]
430 [ 9.63929444e-06 -2.83360557e-06]
440 [ 1.04474635e-05 -1.75696980e-06]
450 [ 2.38591600e-05 -8.00632656e-07]
460 [4.73864342e-05 1.62599488e-06]
470 [6.76658045e-05 2.90721894e-06]
480 [1.03631862e-04 3.18873688e-07]
490 [ 1.67986252e-04 -1.00469868e-05]
500 [ 2.56459828e-04 -2.78528961e-05]
510 [ 3.18885591e-04 -4.00443885e-05]
520 [ 3.90037501e-04 -4.59933943e-05]
530 [ 4.78093641e-04 -4.62194625e-05]
540 [ 5.63985139e-04 -3.84525948e-05]
550 [ 6.16468774e-04 -2.27863595e-05]
560 [ 6.08380519e-04 -5.69689862e-06]
570 [5.93501515e-04 4.99145238e-06]
580 [6.14653986e-04 9.34521108e-06]
590 [7.07817122e-04 1.04573031e-05]
600 [7.94649997e-04 9.55907466e-06]
610 [8.41478575e-04 8.80068764e-06]
620 [9.40058066e-04 1.13458938e-05]
630 [9.62109129e-04 1.70472989e-05]
640 [1.01106794e-03 2.77203683e-05]
650 [9.31822803e-04 3.76996345e-05]
660 [8.55901114e-04 4.77756925e-05]
670 [7.91221957e-04 5.72506266e-05]
680 [7.54690034e-04 6.72180201e-05]
690 [7.32175835e-04 7.70427159e-05]
700 [6.46068529e-04 7.77571422e-05]
710 [5.54369551e-04 7.43520843e-05]
720 [4.69642357e-04 6.87700022e-05]
730 [4.24413594e-04 6.68016713e-05]
740 [3.86890568e-04 6.47418839e-05]
750 [3.33395096e-04 5.89870065e-05]
760 [2.72082664e-04 5.08931354e-05]
770 [2.16582140e-04 4.30673051e-05]
780 [1.80184631e-04 3.84774654e-05]
