380 2.2733776272421883e-05
390 1.689839539379035e-05
400 1.601213257246005e-05
410 1.5355808249485025e-05
420 1.2051502293790434e-05
430 1.0047154712848122e-05
440 1.0594169970377395e-05
450 2.387258948923679e-05
460 4.741432276450302e-05
470 6.772822914623051e-05
480 0.00010363235213534442
490 0.00016828643092418942
500 0.0002579678799800874
510 0.000321390064152978
520 0.00039273991965228745
530 0.00048032256709359294
540 0.0005652944707590734
550 0.0006168897529340438
560 0.0006084071909128363
570 0.0005935225038848638
580 0.0006147250245168087
590 0.0007078943661148316
600 0.0007947074898566222
610 0.0008415245951933122
620 0.0009401265320526684
630 0.000962260144783876
640 0.001011447876677653
650 0.0009325851155943445
660 0.0008572334763883312
670 0.0007932905013693188
680 0.0007576775758494467
690 0.0007362180614825584
700 0.0006507309103656038
710 0.0005593333815627153
720 0.00047465066848639473
730 0.0004296386414628632
740 0.00039227008958760357
750 0.0003385731187028874
760 0.0002768015305996076
770 0.000220822589347085
780 0.00018424716173543005
