380 [-7.44378863e-06  3.10376929e-06]
390 [-2.93791562e-06  5.00618699e-06]
400 [-2.61711889e-06  3.80287345e-06]
410 [-3.68011012e-06  3.93115770e-07]
420 [-5.33569814e-06 -1.99537982e-06]
430 [-1.15141207e-05 -3.80947450e-06]
440 [-1.38573286e-05 -3.84451010e-06]
450 [-1.83092931e-05 -4.01034217e-06]
460 [-2.31455422e-05 -3.68966198e-06]
470 [-2.79727953e-05 -4.68033885e-06]
480 [-4.11968869e-05 -1.08572787e-05]
490 [-5.51915714e-05 -2.45897413e-05]
500 [-4.36193983e-05 -4.11192725e-05]
510 [ 3.32800467e-06 -4.68456288e-05]
520 [ 5.19353097e-05 -4.94644176e-05]
530 [ 7.66160681e-05 -5.49267865e-05]
540 [ 4.88865885e-05 -6.56706989e-05]
550 [-3.77454697e-05 -7.95336512e-05]
560 [-1.37242197e-04 -8.64692081e-05]
570 [-2.06874490e-04 -8.56640065e-05]
580 [-2.54935060e-04 -8.32775874e-05]
590 [-3.18225210e-04 -8.97166939e-05]
600 [-0.00038575 -0.00010297]
610 [-0.00045499 -0.00012517]
620 [-0.00058105 -0.0001713 ]
630 [-0.00068311 -0.00021532]
640 [-0.00081292 -0.0002688 ]
650 [-0.00082766 -0.0002812 ]
660 [-0.00081685 -0.00028007]
670 [-0.00079002 -0.00026915]
680 [-0.00077021 -0.00025703]
690 [-0.00074941 -0.00024138]
700 [-0.00065325 -0.0001998 ]
710 [-0.0005473  -0.00015611]
720 [-0.00044876 -0.00011704]
730 [-3.90046398e-04 -9.11188425e-05]
740 [-3.40382795e-04 -6.98614656e-05]
750 [-2.79868642e-04 -4.97108082e-05]
760 [-2.17225702e-04 -3.31397083e-05]
770 [-1.63789171e-04 -2.15206293e-05]
780 [-1.28301611e-04 -1.47705742e-05]
