380 2.8629696646025412e-05
390 2.4380284307590776e-05
400 2.7414076679122567e-05
410 3.431069858614932e-05
420 3.685117989352058e-05
430 4.534957037788468e-05
440 4.367947394175718e-05
450 5.526630330065383e-05
460 6.52764147598979e-05
470 6.853597896509201e-05
480 9.087895481491083e-05
490 0.00013654128129809604
500 0.00019918676453418635
510 0.0002487961855608163
520 0.0003232437027825301
530 0.0004350625439211623
540 0.0005665584036313978
550 0.0006693977127821976
560 0.0006850950184840882
570 0.000662846801835854
580 0.0006620738088658545
590 0.0007334437165035421
600 0.0008058665705704451
610 0.0008563631896759993
620 0.0009823360186059706
630 0.0010489908181612224
640 0.001160849532718139
650 0.0011321488859909609
660 0.0011041321537514986
670 0.0010876651282738094
680 0.001110603043106713
690 0.0011598644028562022
700 0.0011081414617816867
710 0.0010348687547020148
720 0.0009578785975568686
730 0.0009478417102797547
740 0.0009464256187573239
750 0.0008921035625383625
760 0.0007941543738475834
770 0.000686865609090473
780 0.0006178037513701589
