380 [ 2.11463033e-05 -1.00346862e-05]
390 [ 1.50247095e-05 -7.89096227e-06]
400 [ 1.20407451e-05 -7.80829432e-06]
410 [ 1.39388896e-05 -7.53958327e-06]
420 [ 1.70405921e-05 -6.56522788e-06]
430 [ 2.23841613e-05 -5.85028852e-06]
440 [ 1.83566775e-05 -2.74090496e-06]
450 [1.76215797e-05 8.89666412e-07]
460 [1.53514578e-05 5.84114957e-06]
470 [1.31361630e-05 9.38731908e-06]
480 [2.26912946e-05 1.50863639e-05]
490 [5.83754915e-05 2.80720048e-05]
500 [1.26176828e-04 5.20685570e-05]
510 [1.85836871e-04 7.73453307e-05]
520 [0.00024623 0.00010973]
530 [0.0003238  0.00015212]
540 [0.00041763 0.00019594]
550 [0.00050281 0.00022119]
560 [0.00053604 0.00020994]
570 [0.00054507 0.00018466]
580 [0.0005711  0.00016689]
590 [0.00065811 0.00016909]
600 [0.00074356 0.00017352]
610 [0.00080384 0.0001766 ]
620 [0.00093158 0.00019901]
630 [0.0010027  0.00021357]
640 [0.00111919 0.00024182]
650 [0.00110257 0.00024395]
660 [0.00108663 0.00024683]
670 [0.00108033 0.00025118]
680 [0.00111026 0.00026253]
690 [0.00116339 0.00027758]
700 [0.00111212 0.00026572]
710 [0.00103731 0.0002467 ]
720 [0.0009584  0.00022602]
730 [0.00094716 0.00022117]
740 [0.00094597 0.00021887]
750 [0.00089364 0.00020535]
760 [0.00079907 0.00018304]
770 [0.00069575 0.00015955]
780 [0.00063127 0.00014562]
