380 2.3406432226377718e-05
390 1.697083326139251e-05
400 1.4350923381982535e-05
410 1.584733285439002e-05
420 1.8261544206484815e-05
430 2.3136044462710037e-05
440 1.8560176948904363e-05
450 1.7644023878956262e-05
460 1.64251723118681e-05
470 1.6145604312395395e-05
480 2.7248728873820105e-05
490 6.477449698757882e-05
500 0.00013649808245973905
510 0.0002012899470275633
520 0.00026957572159119406
530 0.0003577542224030895
540 0.00046131401442726206
550 0.0005493143967330149
560 0.0005756864730762666
570 0.000575494674833636
580 0.000594985552969479
590 0.0006794837789145725
600 0.0007635346371602032
610 0.0008230075610745056
620 0.000952599167837483
630 0.0010251912811934402
640 0.0011450201663013564
650 0.0011292314567962181
660 0.001114313068997789
670 0.001109148052773508
680 0.0011408792399385148
690 0.0011960454760568747
700 0.0011434241204620456
710 0.001066245258699119
720 0.0009846959333727327
730 0.0009726452423028472
740 0.0009709609908577407
750 0.0009169283923269038
760 0.0008197680795179538
770 0.0007138100530832168
780 0.0006478454460034732
