380 [4.60917209e-05 2.20050561e-05]
390 [3.43328620e-05 1.98371168e-05]
400 [3.06218949e-05 2.07997694e-05]
410 [3.25931524e-05 2.31981431e-05]
420 [3.34868038e-05 2.23727576e-05]
430 [3.81532371e-05 2.38796747e-05]
440 [3.20966470e-05 2.02754257e-05]
450 [3.95127871e-05 2.55180079e-05]
460 [5.21191162e-05 3.21521519e-05]
470 [6.21530678e-05 3.45247844e-05]
480 [8.85142601e-05 4.30066778e-05]
490 [1.31762935e-04 5.69794579e-05]
500 [1.72332440e-04 7.09370714e-05]
510 [1.75607102e-04 7.40712116e-05]
520 [1.77225765e-04 7.92128392e-05]
530 [1.86174245e-04 8.78606368e-05]
540 [1.98259560e-04 9.73972398e-05]
550 [0.00020865 0.00010472]
560 [0.00021161 0.00010589]
570 [0.00021886 0.00010691]
580 [0.00023569 0.00011077]
590 [0.00026808 0.00011933]
600 [0.00027949 0.00011464]
610 [2.58503603e-04 9.22935582e-05]
620 [2.38447246e-04 6.45754344e-05]
630 [1.92958460e-04 2.46594608e-05]
640 [ 1.58014116e-04 -1.55657892e-05]
650 [ 1.17916944e-04 -4.75884456e-05]
660 [ 9.71972345e-05 -6.78819005e-05]
670 [ 9.17425953e-05 -7.87336085e-05]
680 [ 9.77269636e-05 -8.48512495e-05]
690 [ 1.08302455e-04 -8.80833187e-05]
700 [ 1.06253539e-04 -8.15173070e-05]
710 [ 9.55781932e-05 -7.41238032e-05]
720 [ 7.80597610e-05 -6.88267488e-05]
730 [ 6.02440628e-05 -7.12337397e-05]
740 [ 3.77207302e-05 -7.73342270e-05]
750 [ 1.10020214e-05 -8.11724593e-05]
760 [-1.35900922e-05 -8.11999840e-05]
770 [-3.21216637e-05 -7.86986711e-05]
780 [-4.65724759e-05 -7.84616949e-05]
