50 0.2868579092409413
51 0.2671221780149411
52 0.2330528504769356
53 0.19731825821712787
54 0.1714924600125214
55 0.1632918231903682
56 0.1754460882791536
57 0.20600149540487792
58 0.24956995203713028
59 0.29898262420394356
60 0.34689798303738667
61 0.38706859021495554
62 0.41514762205524974
63 0.4289925894359748
64 0.4285958384678395
65 0.41572230706151725
66 0.39339475827520065
67 0.3653337464329022
68 0.33543524173430944
69 0.30733922861673574
70 0.2841155656932776
71 0.2680718379937759
72 0.260672793126762
73 0.26255190549679597
74 0.2735916320813534
75 0.2930487178287814
76 0.31970320208738356
77 0.3520134701977399
78 0.38826393385650837
79 0.4266960901506884
80 0.46561747330676667
81 0.503486072616274
82 0.5389702088356222
83 0.5709778075803358
84 0.5987059394808014
85 0.621590280677083
86 0.6393267843983202
87 0.6518403083415368
88 0.6592554904852045
89 0.6618639000865196
90 0.6600897770552995
91 0.6544562034935173
92 0.6455531100717699
93 0.6340080994727406
94 0.6204607262477373
95 0.6055405738993339
96 0.5898492233137249
97 0.5739460429629006
98 0.5583375743274531
99 0.5434702008665709
100 0.5297257475712539
101 0.5174195996722525
102 0.5068009483227138
103 0.4980547185517426
104 0.4913051247936244
105 0.48661973803670383
106 0.48403874445179135
107 0.4834855052969375
108 0.4849132225661703
109 0.48821824640862466
110 0.49326858924533756
111 0.4999094902205498
112 0.5079686680886516
113 0.517261211421215
114 0.5275940481189825
115 0.5387699763702597
116 0.5505912457859378
117 0.5628626893758175
118 0.5753944206981314
119 0.5880041056326021
120 0.6005188620379526
121 0.6127767713977971
122 0.6246280596913567
123 0.6359360140652782
124 0.6465775719034433
125 0.6564437176313362
126 0.6654396627193538
127 0.6734848028425615
128 0.6805141231865994
129 0.6864727975780905
130 0.6913222546810592
131 0.6950361374631157
132 0.6976004467372859
133 0.6990130353174153
134 0.6992830203978792
135 0.6984300361223928
136 0.6964838741673185
137 0.6934836480699947
138 0.6894771408526256
139 0.6845205930808084
140 0.6786777995143832
141 0.6720198237392004
142 0.6646246135353835
143 0.6565763292142778
144 0.6479657563057925
145 0.6388895841279196
146 0.6294502576677817
147 0.6197569402087962
148 0.6099248937791819
149 0.6000764262708658
150 0.5903557865770194
151 0.5808759174110577
152 0.5717971937066841
153 0.5632801302177933
154 0.5554984430055793
155 0.5486435236471991
156 0.5429253759244529
157 0.5385769504088325
158 0.5358576235294794
159 0.535054189997434
160 0.5364853304565708
161 0.5404955514270007
162 0.5474435952128562
163 0.5576817466845606
164 0.5715015269365525
165 0.5890489366336823
166 0.6101855928430051
167 0.6342898635652228
168 0.6600434071835075
169 0.6852792832081565
170 0.7071033553122467
171 0.7224872898390422
172 0.7293377120013671
173 0.7273386628540465
174 0.7185268263384496
175 0.7064189102226426
176 0.6948115145196434
177 0.6867283404805568
178 0.6839416831996437
179 0.6869795147250612
180 0.6953535850178257
181 0.7078023973300402
182 0.7224692664859353
183 0.7370168730664647
184 0.7487224691373632
185 0.7546171777571342
186 0.7517346722340915
187 0.7375117570268318
188 0.7103161460297577
189 0.6699704129917115
190 0.6180523422397951
191 0.5577687629210386
192 0.4933671242787725
193 0.42927997948218993
194 0.36936060339637516
195 0.3162363201925756
196 0.2714324693753842
197 0.2353712547055352
198 0.20771280370642736
199 0.18766075196568371
200 0.17420888037782492
201 0.16631038551229763
202 0.1629783540068045
203 0.16333539873817282
204 0.16663009464929776
205 0.1722341896480502
206 0.17963006924469355
207 0.18839440122186377
208 0.1981816126750358
209 0.20870865607985925
210 0.21974205726734033
211 0.23108774800055507
212 0.24258291032176715
213 0.25409043233979123
214 0.26549529610826594
215 0.2767021761789872
216 0.287635316331969
217 0.29823829422432985
218 0.3084724032076147
219 0.3183170863833386
220 0.32776860213088455
221 0.33683808198941567
222 0.34554909799139544
223 0.3539339219557603
224 0.3620328962064204
225 0.3698902696356294
226 0.3775520339929814
227 0.38506619892218086
228 0.39247924774766907
229 0.399836074482421
230 0.40717899147026876
231 0.414546307401614
232 0.42197317381036703
233 0.4294898558207494
234 0.4371220048062269
235 0.44489083025328874
236 0.452812955292139
237 0.4609004036999777
238 0.46916105856411205
239 0.4775934705419891
240 0.4862125018003048
241 0.4950076626884964
242 0.503975304275132
243 0.5131071799330728
244 0.5223964047452697
245 0.5318317230833598
246 0.5414019895579605
247 0.551097242334578
248 0.5609034229836866
249 0.5708078240396982
250 0.5808000220441041
251 0.590864311264947
252 0.6009915115074244
253 0.6111703017391141
254 0.6213863279622533
255 0.6316281415721273
256 0.6418847329238656
257 0.6521578198397731
258 0.6624274343009992
259 0.6726807128996225
260 0.6829096587217545
261 0.6930804033564634
262 0.7032432487704056
263 0.7133723704141997
264 0.7234385560039558
265 0.7334540122976616
266 0.7422684942079756
267 0.7508534755662544
268 0.7595420126287318
269 0.7682848380336372
270 0.7765080976328211
271 0.7842223620586141
272 0.7898826942270819
273 0.7961419740122485
274 0.8029692449609057
275 0.8070164312457822
276 0.8110014443307665
277 0.814943083930551
278 0.818443837146408
279 0.821485593545244
280 0.8238588695867568
281 0.8270541749378086
282 0.8300910878068652
283 0.8315441585991231
284 0.8336743000642375
285 0.8362624419030544
286 0.8357089144797065
287 0.8353599623234944
288 0.834980282704221
289 0.8328478256109839
290 0.8301345009031282
291 0.826657429015689
292 0.8231576627089895
293 0.8190964079458739
294 0.8150048474651181
295 0.810757713196023
296 0.8075164881720543
297 0.8044604132781695
298 0.8018380517739954
299 0.7992340071705462
300 0.797182558067473
301 0.7953544856696595
302 0.7938562297436816
303 0.7926097296914796
304 0.7915137367159976
305 0.7904472812641852
306 0.7893257864073846
307 0.7892316504418632
308 0.7891547160349366
309 0.7886005469121531
310 0.7879365259139695
311 0.7880218820609063
312 0.7879771036947838
313 0.7875604397370337
314 0.7871626316242322
315 0.7877004348078125
316 0.7881320108723748
317 0.7883593501433355
318 0.7885357633635947
319 0.789013500682632
320 0.7894140354257991
321 0.7891126255642744
322 0.7887373999874007
323 0.7893346784625473
324 0.7898484560710709
325 0.7899966843275148
326 0.7900450682146453
327 0.7901411243739845
328 0.7902193753193438
329 0.7904024070280338
330 0.7906231137146323
331 0.7906737494331554
332 0.790641085841652
333 0.7905697614401467
334 0.7905360892479578
335 0.7904348136553765
336 0.7903298810393052
337 0.7901697617564852
338 0.7901436461362128
339 0.7901847367983265
340 0.7901172647493026
341 0.789895137610284
342 0.7896057975752544
343 0.7898023136332073
344 0.7899289366324127
345 0.7901993789283478
346 0.7905406473727302
347 0.7908689268560258
348 0.7913309538554039
349 0.7917195452543967
350 0.7920133006600877
351 0.7922253560028486
352 0.7926187140564833
353 0.7935231923470029
354 0.7943374647451088
355 0.7953767376561639
356 0.7963970527115318
357 0.7973180529145566
358 0.798155246853917
359 0.7989101625232021
360 0.7990009404813017
361 0.7987089804399102
362 0.7984226698564258
363 0.7968184345342654
364 0.7953383784555962
365 0.7933045687801051
366 0.7899914585069809
367 0.7869664572707299
368 0.7833158686348247
369 0.7795479456372995
370 0.7763224263523211
371 0.7731946887962873
372 0.771160858380231
373 0.7706569508179766
374 0.7717623937743026
375 0.7750925338328869
376 0.7809716703046387
377 0.7891071945664708
378 0.7997446355424982
379 0.8089754912107486
380 0.8117939607169907
381 0.8115783590009403
382 0.8068313918249961
383 0.7967172641493497
384 0.7807129621033233
385 0.7572235116624407
386 0.7287513391100973
387 0.6973185588666367
388 0.6658927871817035
389 0.6358891118052118
390 0.6070344869761765
391 0.582176865080723
392 0.5613859786443782
393 0.5422025601497454
394 0.5242767655776575
395 0.5073036789669932
396 0.4908564155622918
397 0.4752311492990721
398 0.4608047606212469
399 0.4465613012884071
400 0.43247428646415514
401 0.4199083295828698
402 0.40695941115350975
403 0.3935125500271532
404 0.8339814122903354
405 0.3660286296262059
406 0.7587124611663139
407 0.7213759911103745
408 0.6848806586668159
409 0.6484660875267636
410 0.6126780584711365
411 0.5802281915961283
412 0.5483903685119945
413 0.5175231517211596
414 0.490183982414009
415 0.4665231196696661
416 0.4467904924721184
417 0.43241877594598654
418 0.42455898297464734
419 0.42419603760972463
420 0.4335351637189118
421 0.454550070727504
422 0.49039668029036165
423 0.5451753389986191
424 0.6226835949289755
425 0.7198551653528628
426 0.8431986841214365
427 0.9954261606579812
428 1.1767109370741766
429 1.388583380528268
430 1.6348452696217852
431 1.9139145960870043
432 2.2093249875154575
433 2.512868774296877
434 2.811050907579737
435 3.087221207172955
436 3.3150944192593306
437 3.5101391717404513
438 3.666346839514712
439 3.7788671057834198
440 3.828928416171036
441 3.8392268648378063
442 3.8169240710974095
443 3.769671500190708
444 3.7068268848063024
445 3.6329956221636226
446 3.5520114958787317
447 3.4686264988292117
448 3.3895501889145057
449 3.3093390173562076
450 3.2293774035464886
451 3.1502732743336317
452 3.0700153378744077
453 2.993064810434003
454 2.919698507777744
455 2.8500562082351037
456 2.7907292934718444
457 2.73404422364486
458 2.6800856169942255
459 2.6288869227520846
460 2.5786118579930246
461 2.531031798390921
462 2.4865968707060975
463 2.4452270312927293
464 2.407187678813187
465 2.3722703738461273
466 2.3400230687184527
467 2.310421128271217
468 2.2834876929276406
469 2.2596451704974663
470 2.2383212700846893
471 2.2195515956792535
472 2.2033689428577024
473 2.1892926020232824
474 2.1774799710583292
475 2.1681628979547307
476 2.1614126187870366
477 2.1572239043661043
478 2.1549544766806537
479 2.1553345665138415
480 2.1584764817862796
481 2.1645135394021753
482 2.1736152232305153
483 2.1859618627053243
484 2.2017671526313185
485 2.221264985448032
486 2.244728236966268
487 2.270885700675752
488 2.3009002695259566
489 2.3354643683092644
490 2.3749786591210564
491 2.4198791276307747
492 2.4682636318064115
493 2.52265469335579
494 2.583635749087531
495 2.6518649980084885
496 2.727932446921272
497 2.8113371351454624
498 2.9041022288763276
499 3.007184560111007
500 3.1216395540498
501 3.2481861739182967
502 3.383894332626372
503 3.5331745769694822
504 3.6970180424018406
505 3.876336118397156
506 4.071873907155902
507 4.289479999698901
508 4.526749803126993
509 4.783280154347949
510 5.058388600491787
511 5.350294153202523
512 5.646133840359507
513 5.94717991265123
514 6.251864202460152
515 6.55248595965083
516 6.839324416032324
517 7.088186537340438
518 7.278616103980874
519 7.417703576797961
520 7.496069060614205
521 7.507150765753738
522 7.448240848855991
523 7.308100200697271
524 7.10639900811931
525 6.852807139079038
526 6.559059779638572
527 6.235237761420788
528 5.898747138268259
529 5.562906520080938
530 5.230074481736667
531 4.905650353605346
532 4.5948363244136
533 4.300020269459962
534 4.02634798609789
535 3.771555550277179
536 3.53417612285083
537 3.3139931456750604
538 3.110406826030374
539 2.92256917696114
540 2.7527518729541023
541 2.596688974962168
542 2.4529817721734526
543 2.3205972659319447
544 2.198589398449134
545 2.0860641737289827
546 1.9817876590479098
547 1.8854057986050705
548 1.7962187372695582
549 1.7135936472815385
550 1.6369535671076367
551 1.5657749556698566
552 1.5013539093169799
553 1.4412726479595657
554 1.385161634485085
555 1.3326878770583532
556 1.2835473274398015
557 1.2374678388539768
558 1.1941815391505388
559 1.1534640412785844
560 1.1151219140961286
561 1.078970435868376
562 1.0448492576160255
563 1.012605225777525
564 0.982516653082818
565 0.954580360787097
566 0.9280349392830283
567 0.902793167601993
568 0.8787584903509779
569 0.8558583320377677
570 0.8340185123415373
571 0.8133432569178495
572 0.7935832875607677
573 0.774676266333579
574 0.756570250656684
575 0.7392216168931599
576 0.7225833344151076
577 0.7065794206778532
578 0.6911237217076819
579 0.6762746012761307
580 0.6619980537717899
581 0.6482575470916795
582 0.6350286746179417
583 0.6222823016334428
584 0.6100704677079678
585 0.5983603917212376
586 0.5870495319717219
587 0.576119973158048
588 0.5655494127774126
589 0.555320850264507
590 0.545420575148326
591 0.5359205189178103
592 0.5267677595997864
593 0.5178880337350211
594 0.5092691301787614
595 0.500901034604295
596 0.49276886701291917
597 0.4848679946592802
598 0.4772317713259401
599 0.4698481167476168
600 0.4626586259808368
601 0.455658430590271
602 0.4488386539936173
603 0.4421923105781089
604 0.4357127679757782
605 0.42940158170536735
606 0.42327467872773555
607 0.4172945354315215
608 0.4114558455709503
609 0.4057547351882745
610 0.40018293267201394
611 0.3947393795862331
612 0.38941836259064627
613 0.3842316048757305
614 0.3791623689895227
615 0.3742047677734408
616 0.3693509825660908
617 0.36460189891567424
618 0.3599499972896287
619 0.3553952427176351
620 0.350936956937824
621 0.3465991677251033
622 0.3423453391643784
623 0.33817687810369507
624 0.3340874048378919
625 0.33007746822412326
626 0.3261438134008356
627 0.3222851795687212
628 0.3184993891215824
629 0.31479486951999464
630 0.31115777660811084
631 0.30758729491960757
632 0.30407892622076316
633 0.3006335963752531
634 0.2972496340721725
635 0.2939237713143331
636 0.29065911463420663
637 0.2874643020431192
638 0.28432408172781637
639 0.28123720254006135
640 0.2781997610292843
641 0.27521301371312784
642 0.27227489174005315
643 0.2693843334469243
644 0.26654013352219824
645 0.2637362045971927
646 0.2609745638293608
647 0.2582571207776026
648 0.2555820855006643
649 0.25294848726131003
650 0.2503553857117271
651 0.24780259262360624
652 0.24528708439086497
653 0.2428288082068718
654 0.2404258455881494
655 0.23805651591753277
656 0.23572207908457
657 0.23342113636008996
658 0.23115299635102662
659 0.2289170110177699
660 0.22671250213673255
661 0.2245388346625789
662 0.22239492096300065
663 0.2202797652182355
664 0.2181936919964633
665 0.21613552516124596
666 0.21410591747399735
667 0.21210436135314234
668 0.2101284864733583
669 0.20818018678829595
670 0.20625658017033288
671 0.2043657366482978
672 0.20250055603256734
673 0.20065903215227787
674 0.19884186891477776
675 0.19704805849554494
676 0.19527773438312043
677 0.19352939410127948
678 0.1918026135368956
679 0.19009867157129148
680 0.18841475961295254
681 0.18675273997902997
682 0.18511028190175166
683 0.18348861715924933
684 0.18188738366089682
685 0.18030469804372806
686 0.17874177248913284
687 0.1771982862527262
688 0.17567239116767452
689 0.1741688077976596
690 0.17269406188470307
691 0.17123710844687368
692 0.16979718352607662
693 0.16837401505730307
694 0.16696733677206138
695 0.1655768926776526
696 0.16420242272302574
697 0.162843677109967
698 0.16150041123543396
699 0.1601725244397125
700 0.15885977252585967
701 0.15756179705296824
702 0.15627836484020804
703 0.15500925547454159
704 0.153754682695794
705 0.15251314564011945
706 0.15128572601619414
707 0.1500717970741949
708 0.1488715675297237
709 0.1476854632399571
710 0.14651447162582895
711 0.1453565080011478
712 0.14421017756664012
713 0.14307691663227565
714 0.1419553421613098
715 0.14084529234570578
716 0.1397473826374575
717 0.13866105347522603
718 0.1375861422126037
719 0.1365242262866147
720 0.13547774632090617
721 0.13444134000740676
722 0.13341634947512807
723 0.13240115170532968
724 0.13139706902415
725 0.1304028700069972
726 0.1294187781297475
727 0.12844465794847
728 0.1274803763722989
729 0.12652580261165777
730 0.12557980023334875
731 0.12464250646653062
732 0.12371525375513202
733 0.12279656072908231
734 0.12188732136814562
735 0.12098740868185921
736 0.12009571632463177
737 0.11921312000131673
738 0.11833917751479282
739 0.11747409487714058
740 0.11661712278835172
741 0.11577159036682344
742 0.11493537363901142
743 0.11410718824815884
744 0.11328693389577767
745 0.11247451247670044
746 0.1116698260709812
747 0.1108730781114023
748 0.11008327748301668
749 0.10930122863310592
750 0.10852654140223349
751 0.1077594155810939
752 0.1070001763470157
753 0.10624943150095739
754 0.1055050893455162
755 0.10476792107041324
756 0.10403783766142338
757 0.10331392358201501
758 0.10259693353730452
759 0.10188651008638011
760 0.10118257631290012
761 0.10048505594846972
762 0.0997938738582469
763 0.09910895601997011
764 0.09843899795895555
765 0.09777526744318714
766 0.09711717632332792
767 0.09646466238922623
768 0.09581842610130493
769 0.09517738579407554
770 0.0945424860725596
771 0.09391266265904594
772 0.09328860104085519
773 0.09266999043190235
774 0.09205677018924127
775 0.0914480090550186
776 0.09083439197720591
777 0.09022616960180159
778 0.08962328128769108
779 0.08902566725062866
780 0.08843303779036583
781 0.0878457980865785
782 0.08726365828383595
783 0.08668678519772292
784 0.08611444875668821
785 0.08554727266737991
786 0.08498497512329564
787 0.08442750034350563
788 0.08388065978589156
789 0.08333941214918535
790 0.08280293871691523
791 0.08227118851944382
792 0.08174347475535323
793 0.08122059285542522
794 0.0807016595682942
795 0.08018725568913779
796 0.07967712674528105
797 0.07917122782588545
798 0.07866971590083136
799 0.07817194333029855
800 0.07767858099770533
