380 3.1945568314525634e-07
390 2.83646455914621e-07
400 3.4194463762387755e-07
410 1.7370571261741256e-06
420 1.8282508443336252e-06
430 1.2730246986996951e-06
440 7.987321580238215e-07
450 7.302770182605351e-07
460 5.946263034290653e-07
470 5.352108808145633e-07
480 5.169189615454038e-07
490 5.00967775369843e-07
500 8.022711284747303e-07
510 1.5663054783364467e-06
520 1.800389333660829e-06
530 2.590349091144844e-06
540 2.9351685815265785e-06
550 3.2252211509081696e-06
560 3.3984943335446505e-06
570 3.450809404019491e-06
580 3.222119362510135e-06
590 3.3235826067460912e-06
600 3.4299217947842263e-06
610 3.3053872418640083e-06
620 3.5253239093483137e-06
630 3.671027812538889e-06
640 3.7526910314176574e-06
650 3.4321316649637446e-06
660 3.46539847272938e-06
670 3.3945721670756875e-06
680 3.2079005227013516e-06
690 2.9290646683086353e-06
700 2.9856558200909047e-06
710 3.080995064864805e-06
720 2.90012479941517e-06
730 2.689651415829924e-06
740 2.5883095866566806e-06
750 2.4553299423444654e-06
760 2.293203197779371e-06
770 2.1332067777564784e-06
780 1.977057380631849e-06
